case_10_d_1_bn_1_PP_1_000	3	0.0	0.0	1
case_10_d_2_bn_1_PP_1_000	3	0.0	0.0	2
case_11_d_1_bn_1_PP_1_000	3	0.0	0.0	1
case_11_d_2_bn_1_PP_1_000	3	27.7777777778	22.2222222222	2
case_13_d_1_bn_1_PP_1_001	3	11.1111111111	11.1111111111	1
case_13_d_2_bn_1_PP_1_001	3	0.0	0.0	2
case_15_d_1_bn_1_PP_1_000	3	0.0	0.0	1
case_15_d_2_bn_1_PP_1_000	3	0.0	0.0	2
case_17_d_1_bn_1_PP_1_010	3	0.0	0.0	1
case_17_d_2_bn_1_PP_1_010	3	0.0	0.0	2
case_7_d_1_bn_1_PP_1_000	3	0.0	0.0	1
case_7_d_2_bn_1_PP_1_000	3	100.0	66.6666666667	2
case_9_d_1_bn_1_PP_1_000	3	27.7777777778	22.2222222222	1
case_9_d_2_bn_1_PP_1_000	3	100.0	66.6666666667	2
