case_10_d_1_bn_1_PP_1_000	13	52.9200073431	23.6686390533	1
case_10_d_2_bn_1_PP_1_000	13	79.4732404348	43.1952662722	2
case_11_d_1_bn_1_PP_1_000	13	70.5481057404	34.3195266272	1
case_11_d_2_bn_1_PP_1_000	13	81.9969987278	45.5621301775	2
case_13_d_1_bn_1_PP_1_001	13	50.4052144437	21.8934911243	1
case_13_d_2_bn_1_PP_1_001	13	79.9367512829	43.7869822485	2
case_15_d_1_bn_1_PP_1_000	13	57.4163443394	26.6272189349	1
case_15_d_2_bn_1_PP_1_000	13	81.4052827514	44.9704142012	2
case_17_d_1_bn_1_PP_1_010	13	67.1113715344	30.1775147929	1
case_17_d_2_bn_1_PP_1_010	13	73.7129750591	44.3786982249	2
case_7_d_1_bn_1_PP_1_000	13	0.0	0.0	1
case_7_d_2_bn_1_PP_1_000	13	100.0	53.8461538462	2
case_9_d_1_bn_1_PP_1_000	13	71.7809327425	42.6035502959	1
case_9_d_2_bn_1_PP_1_000	13	75.5374326528	46.1538461538	2
