case_10_d_1_bn_1_PP_1_000	22	51.3531861898	24.5867768595	1
case_10_d_2_bn_1_PP_1_000	22	75.0770327063	36.1570247934	2
case_11_d_1_bn_1_PP_1_000	22	31.7915768208	17.9752066116	1
case_11_d_2_bn_1_PP_1_000	22	85.0907278683	41.7355371901	2
case_13_d_1_bn_1_PP_1_001	22	40.2654761897	19.0082644628	1
case_13_d_2_bn_1_PP_1_001	22	80.0257077686	37.8099173554	2
case_15_d_1_bn_1_PP_1_000	22	57.6310249817	24.7933884298	1
case_15_d_2_bn_1_PP_1_000	22	80.7400280631	39.6694214876	2
case_17_d_1_bn_1_PP_1_010	22	27.1718404965	16.5289256198	1
case_17_d_2_bn_1_PP_1_010	22	80.3010172545	38.0165289256	2
case_7_d_1_bn_1_PP_1_000	22	0.0	0.0	1
case_7_d_2_bn_1_PP_1_000	22	99.7933884298	52.0661157025	2
case_9_d_1_bn_1_PP_1_000	22	83.1335721265	38.4297520661	1
case_9_d_2_bn_1_PP_1_000	22	99.7933884298	52.0661157025	2
