case_10_d_1_bn_1_PP_1_000	14	0.0	0.0	1
case_10_d_2_bn_1_PP_1_000	14	75.5541284113	38.2653061224	2
case_11_d_1_bn_1_PP_1_000	14	0.0	0.0	1
case_11_d_2_bn_1_PP_1_000	14	81.8296386154	39.7959183673	2
case_13_d_1_bn_1_PP_1_001	14	0.0	0.0	1
case_13_d_2_bn_1_PP_1_001	14	81.0219938791	38.2653061224	2
case_15_d_1_bn_1_PP_1_000	14	0.0	0.0	1
case_15_d_2_bn_1_PP_1_000	14	80.355458034	38.7755102041	2
case_17_d_1_bn_1_PP_1_010	14	0.0	0.0	1
case_17_d_2_bn_1_PP_1_010	14	57.2091202448	31.1224489796	2
case_7_d_1_bn_1_PP_1_000	14	0.0	0.0	1
case_7_d_2_bn_1_PP_1_000	14	100.0	53.5714285714	2
case_9_d_1_bn_1_PP_1_000	14	0.0	0.0	1
case_9_d_2_bn_1_PP_1_000	14	88.2149001792	46.4285714286	2
