case_10_d_1_bn_1_PP_1_000	6	47.3412698413	21.0317460317	1
case_10_d_2_bn_1_PP_1_000	6	80.1984126984	44.8412698413	2
case_11_d_1_bn_1_PP_1_000	6	54.6825396825	27.7777777778	1
case_11_d_2_bn_1_PP_1_000	6	92.8174603175	53.1746031746	2
case_13_d_1_bn_1_PP_1_001	6	45.7936507937	22.619047619	1
case_13_d_2_bn_1_PP_1_001	6	86.9047619048	49.2063492063	2
case_15_d_1_bn_1_PP_1_000	6	51.8650793651	23.8095238095	1
case_15_d_2_bn_1_PP_1_000	6	90.0793650794	50.3968253968	2
case_17_d_1_bn_1_PP_1_010	6	46.9047619048	21.0317460317	1
case_17_d_2_bn_1_PP_1_010	6	93.9285714286	53.1746031746	2
case_7_d_1_bn_1_PP_1_000	6	0.0	0.0	1
case_7_d_2_bn_1_PP_1_000	6	100.0	58.3333333333	2
case_9_d_1_bn_1_PP_1_000	6	35.753968254	19.4444444444	1
case_9_d_2_bn_1_PP_1_000	6	98.1349206349	56.746031746	2
