case_10_d_1_bn_1_PP_1_000	70	97.9163737498	49.4731244611	1
case_10_d_2_bn_1_PP_1_000	70	98.2180097836	49.6110951423	2
case_11_d_1_bn_1_PP_1_000	70	97.7396153457	49.2911756252	1
case_11_d_2_bn_1_PP_1_000	70	98.0959117536	49.4742742167	2
case_13_d_1_bn_1_PP_1_001	70	97.342452361	49.0045990227	1
case_13_d_2_bn_1_PP_1_001	70	97.4641815106	49.0382293763	2
case_15_d_1_bn_1_PP_1_000	70	98.2363163775	49.7065248635	1
case_15_d_2_bn_1_PP_1_000	70	97.6428881752	49.1876976143	2
case_17_d_1_bn_1_PP_1_010	70	98.2740601589	49.6533486634	1
case_17_d_2_bn_1_PP_1_010	70	97.6286773894	49.1526300661	2
case_7_d_1_bn_1_PP_1_000	70	0.0	0.0	1
case_7_d_2_bn_1_PP_1_000	70	99.9845430573	50.6993388905	2
case_9_d_1_bn_1_PP_1_000	70	97.163682629	48.7832710549	1
case_9_d_2_bn_1_PP_1_000	70	98.3515453707	49.6493245185	2
