case_10_d_1_bn_1_PP_1_000	22	58.2675329965	27.4613726195	1
case_10_d_2_bn_1_PP_1_000	22	89.625565916	44.9694574201	2
case_11_d_1_bn_1_PP_1_000	22	57.5852498594	27.3895077255	1
case_11_d_2_bn_1_PP_1_000	22	89.7638971429	45.1042040963	2
case_13_d_1_bn_1_PP_1_001	22	54.78107796	25.574919152	1
case_13_d_2_bn_1_PP_1_001	22	86.4353772461	43.3524973051	2
case_15_d_1_bn_1_PP_1_000	22	51.1801959205	23.8052461373	1
case_15_d_2_bn_1_PP_1_000	22	87.7146299331	43.3794466403	2
case_17_d_1_bn_1_PP_1_010	22	53.1108262639	25.1257635645	1
case_17_d_2_bn_1_PP_1_010	22	84.053412402	41.6546891843	2
case_7_d_1_bn_1_PP_1_000	22	0.0	0.0	1
case_7_d_2_bn_1_PP_1_000	22	99.8383039885	52.1110312612	2
case_9_d_1_bn_1_PP_1_000	22	73.4417527255	34.7376931369	1
case_9_d_2_bn_1_PP_1_000	22	96.6519372551	50.2694933525	2
