case_10_d_1_bn_1_PP_1_000	13	56.860131781	25.2190847128	1
case_10_d_2_bn_1_PP_1_000	13	78.8382204996	37.6338851022	2
case_11_d_1_bn_1_PP_1_000	13	53.083319634	24.2453748783	1
case_11_d_2_bn_1_PP_1_000	13	80.3578137755	38.7536514119	2
case_13_d_1_bn_1_PP_1_001	13	56.5417125069	25.5111976631	1
case_13_d_2_bn_1_PP_1_001	13	76.2347497791	35.7838364167	2
case_15_d_1_bn_1_PP_1_000	13	59.8730506484	26.7283349562	1
case_15_d_2_bn_1_PP_1_000	13	80.2019464361	38.6075949367	2
case_17_d_1_bn_1_PP_1_010	13	50.5140481881	22.7848101266	1
case_17_d_2_bn_1_PP_1_010	13	72.5844988345	33.982473223	2
case_7_d_1_bn_1_PP_1_000	13	14.4749649992	6.45161290323	1
case_7_d_2_bn_1_PP_1_000	13	92.3416544777	47.8091528724	2
case_9_d_1_bn_1_PP_1_000	13	76.7579466947	37.147030185	1
case_9_d_2_bn_1_PP_1_000	13	76.6557774153	36.9036027264	2
