case_10_d_1_bn_1_PP_1_000	5	78.5	45.3333333333	1
case_10_d_2_bn_1_PP_1_000	5	81.5	48.0	2
case_11_d_1_bn_1_PP_1_000	5	76.8333333333	44.0	1
case_11_d_2_bn_1_PP_1_000	5	86.8888888889	51.3333333333	2
case_13_d_1_bn_1_PP_1_001	5	79.1666666667	46.0	1
case_13_d_2_bn_1_PP_1_001	5	80.0	46.6666666667	2
case_15_d_1_bn_1_PP_1_000	5	80.0	46.6666666667	1
case_15_d_2_bn_1_PP_1_000	5	84.2777777778	49.3333333333	2
case_17_d_1_bn_1_PP_1_010	5	79.1666666667	46.0	1
case_17_d_2_bn_1_PP_1_010	5	80.6666666667	47.3333333333	2
case_7_d_1_bn_1_PP_1_000	5	0.0	0.0	1
case_7_d_2_bn_1_PP_1_000	5	100.0	60.0	2
case_9_d_1_bn_1_PP_1_000	5	80.0	46.6666666667	1
case_9_d_2_bn_1_PP_1_000	5	100.0	60.0	2
