case_10_d_2_bn_1_PP_1_000	1	100.0	4.0	2
case_10_d_2_bn_1_PP_1_000	2	100.0	8.0	2
case_10_d_2_bn_1_PP_1_000	3	100.0	12.0	2
case_10_d_2_bn_1_PP_1_000	4	100.0	16.0	2
case_10_d_2_bn_1_PP_1_000	5	100.0	20.0	2
case_10_d_2_bn_1_PP_1_000	6	100.0	24.0	2
case_10_d_2_bn_1_PP_1_000	7	100.0	28.0	2
case_10_d_2_bn_1_PP_1_000	8	100.0	32.0	2
case_10_d_2_bn_1_PP_1_000	9	100.0	36.0	2
case_10_d_2_bn_1_PP_1_000	10	100.0	40.0	2
case_10_d_2_bn_1_PP_1_000	11	100.0	44.0	2
case_10_d_2_bn_1_PP_1_000	12	100.0	48.0	2
case_10_d_2_bn_1_PP_1_000	13	100.0	52.0	2
case_10_d_2_bn_1_PP_1_000	14	100.0	56.0	2
case_10_d_2_bn_1_PP_1_000	15	100.0	60.0	2
case_10_d_2_bn_1_PP_1_000	16	100.0	64.0	2
case_10_d_2_bn_1_PP_1_000	17	100.0	68.0	2
case_10_d_2_bn_1_PP_1_000	18	100.0	72.0	2
case_10_d_2_bn_1_PP_1_000	19	100.0	76.0	2
case_10_d_2_bn_1_PP_1_000	20	100.0	80.0	2
case_10_d_2_bn_1_PP_1_000	21	95.2380952381	80.0	2
case_10_d_2_bn_1_PP_1_000	22	90.9090909091	80.0	2
case_10_d_2_bn_1_PP_1_000	23	86.9565217391	80.0	2
case_11_d_2_bn_1_PP_1_000	1	100.0	4.0	2
case_11_d_2_bn_1_PP_1_000	2	100.0	8.0	2
case_11_d_2_bn_1_PP_1_000	3	100.0	12.0	2
case_11_d_2_bn_1_PP_1_000	4	100.0	16.0	2
case_11_d_2_bn_1_PP_1_000	5	100.0	20.0	2
case_11_d_2_bn_1_PP_1_000	6	100.0	24.0	2
case_11_d_2_bn_1_PP_1_000	7	100.0	28.0	2
case_11_d_2_bn_1_PP_1_000	8	100.0	32.0	2
case_11_d_2_bn_1_PP_1_000	9	100.0	36.0	2
case_11_d_2_bn_1_PP_1_000	10	100.0	40.0	2
case_11_d_2_bn_1_PP_1_000	11	100.0	44.0	2
case_11_d_2_bn_1_PP_1_000	12	100.0	48.0	2
case_11_d_2_bn_1_PP_1_000	13	100.0	52.0	2
case_11_d_2_bn_1_PP_1_000	14	100.0	56.0	2
case_11_d_2_bn_1_PP_1_000	15	100.0	60.0	2
case_11_d_2_bn_1_PP_1_000	16	100.0	64.0	2
case_11_d_2_bn_1_PP_1_000	17	94.1176470588	64.0	2
case_11_d_2_bn_1_PP_1_000	18	94.4444444444	68.0	2
case_11_d_2_bn_1_PP_1_000	19	94.7368421053	72.0	2
case_11_d_2_bn_1_PP_1_000	20	95.0	76.0	2
case_11_d_2_bn_1_PP_1_000	21	95.2380952381	80.0	2
case_11_d_2_bn_1_PP_1_000	22	90.9090909091	80.0	2
case_11_d_2_bn_1_PP_1_000	23	91.3043478261	84.0	2
case_13_d_2_bn_1_PP_1_001	1	100.0	4.0	2
case_13_d_2_bn_1_PP_1_001	2	100.0	8.0	2
case_13_d_2_bn_1_PP_1_001	3	100.0	12.0	2
case_13_d_2_bn_1_PP_1_001	4	100.0	16.0	2
case_13_d_2_bn_1_PP_1_001	5	100.0	20.0	2
case_13_d_2_bn_1_PP_1_001	6	100.0	24.0	2
case_13_d_2_bn_1_PP_1_001	7	100.0	28.0	2
case_13_d_2_bn_1_PP_1_001	8	100.0	32.0	2
case_13_d_2_bn_1_PP_1_001	9	100.0	36.0	2
case_13_d_2_bn_1_PP_1_001	10	100.0	40.0	2
case_13_d_2_bn_1_PP_1_001	11	100.0	44.0	2
case_13_d_2_bn_1_PP_1_001	12	100.0	48.0	2
case_13_d_2_bn_1_PP_1_001	13	100.0	52.0	2
case_13_d_2_bn_1_PP_1_001	14	100.0	56.0	2
case_13_d_2_bn_1_PP_1_001	15	100.0	60.0	2
case_13_d_2_bn_1_PP_1_001	16	100.0	64.0	2
case_13_d_2_bn_1_PP_1_001	17	100.0	68.0	2
case_13_d_2_bn_1_PP_1_001	18	100.0	72.0	2
case_13_d_2_bn_1_PP_1_001	19	100.0	76.0	2
case_13_d_2_bn_1_PP_1_001	20	95.0	76.0	2
case_13_d_2_bn_1_PP_1_001	21	90.4761904762	76.0	2
case_13_d_2_bn_1_PP_1_001	22	86.3636363636	76.0	2
case_13_d_2_bn_1_PP_1_001	23	82.6086956522	76.0	2
case_15_d_2_bn_1_PP_1_000	1	100.0	4.0	2
case_15_d_2_bn_1_PP_1_000	2	100.0	8.0	2
case_15_d_2_bn_1_PP_1_000	3	100.0	12.0	2
case_15_d_2_bn_1_PP_1_000	4	100.0	16.0	2
case_15_d_2_bn_1_PP_1_000	5	100.0	20.0	2
case_15_d_2_bn_1_PP_1_000	6	100.0	24.0	2
case_15_d_2_bn_1_PP_1_000	7	100.0	28.0	2
case_15_d_2_bn_1_PP_1_000	8	100.0	32.0	2
case_15_d_2_bn_1_PP_1_000	9	100.0	36.0	2
case_15_d_2_bn_1_PP_1_000	10	100.0	40.0	2
case_15_d_2_bn_1_PP_1_000	11	100.0	44.0	2
case_15_d_2_bn_1_PP_1_000	12	100.0	48.0	2
case_15_d_2_bn_1_PP_1_000	13	100.0	52.0	2
case_15_d_2_bn_1_PP_1_000	14	100.0	56.0	2
case_15_d_2_bn_1_PP_1_000	15	100.0	60.0	2
case_15_d_2_bn_1_PP_1_000	16	100.0	64.0	2
case_15_d_2_bn_1_PP_1_000	17	94.1176470588	64.0	2
case_15_d_2_bn_1_PP_1_000	18	88.8888888889	64.0	2
case_15_d_2_bn_1_PP_1_000	19	84.2105263158	64.0	2
case_15_d_2_bn_1_PP_1_000	20	85.0	68.0	2
case_15_d_2_bn_1_PP_1_000	21	85.7142857143	72.0	2
case_15_d_2_bn_1_PP_1_000	22	86.3636363636	76.0	2
case_15_d_2_bn_1_PP_1_000	23	82.6086956522	76.0	2
case_17_d_2_bn_1_PP_1_010	1	100.0	4.0	2
case_17_d_2_bn_1_PP_1_010	2	100.0	8.0	2
case_17_d_2_bn_1_PP_1_010	3	100.0	12.0	2
case_17_d_2_bn_1_PP_1_010	4	100.0	16.0	2
case_17_d_2_bn_1_PP_1_010	5	100.0	20.0	2
case_17_d_2_bn_1_PP_1_010	6	100.0	24.0	2
case_17_d_2_bn_1_PP_1_010	7	100.0	28.0	2
case_17_d_2_bn_1_PP_1_010	8	100.0	32.0	2
case_17_d_2_bn_1_PP_1_010	9	100.0	36.0	2
case_17_d_2_bn_1_PP_1_010	10	100.0	40.0	2
case_17_d_2_bn_1_PP_1_010	11	100.0	44.0	2
case_17_d_2_bn_1_PP_1_010	12	100.0	48.0	2
case_17_d_2_bn_1_PP_1_010	13	100.0	52.0	2
case_17_d_2_bn_1_PP_1_010	14	92.8571428571	52.0	2
case_17_d_2_bn_1_PP_1_010	15	86.6666666667	52.0	2
case_17_d_2_bn_1_PP_1_010	16	87.5	56.0	2
case_17_d_2_bn_1_PP_1_010	17	88.2352941176	60.0	2
case_17_d_2_bn_1_PP_1_010	18	88.8888888889	64.0	2
case_17_d_2_bn_1_PP_1_010	19	89.4736842105	68.0	2
case_17_d_2_bn_1_PP_1_010	20	85.0	68.0	2
case_17_d_2_bn_1_PP_1_010	21	80.9523809524	68.0	2
case_17_d_2_bn_1_PP_1_010	22	77.2727272727	68.0	2
case_17_d_2_bn_1_PP_1_010	23	78.2608695652	72.0	2
case_7_d_2_bn_1_PP_1_000	1	100.0	4.16666666667	2
case_7_d_2_bn_1_PP_1_000	2	100.0	8.33333333333	2
case_7_d_2_bn_1_PP_1_000	3	100.0	12.5	2
case_7_d_2_bn_1_PP_1_000	4	100.0	16.6666666667	2
case_7_d_2_bn_1_PP_1_000	5	100.0	20.8333333333	2
case_7_d_2_bn_1_PP_1_000	6	100.0	25.0	2
case_7_d_2_bn_1_PP_1_000	7	85.7142857143	25.0	2
case_7_d_2_bn_1_PP_1_000	8	87.5	29.1666666667	2
case_7_d_2_bn_1_PP_1_000	9	77.7777777778	29.1666666667	2
case_7_d_2_bn_1_PP_1_000	10	70.0	29.1666666667	2
case_7_d_2_bn_1_PP_1_000	11	63.6363636364	29.1666666667	2
case_7_d_2_bn_1_PP_1_000	12	66.6666666667	33.3333333333	2
case_7_d_2_bn_1_PP_1_000	13	61.5384615385	33.3333333333	2
case_7_d_2_bn_1_PP_1_000	14	64.2857142857	37.5	2
case_7_d_2_bn_1_PP_1_000	15	60.0	37.5	2
case_7_d_2_bn_1_PP_1_000	16	62.5	41.6666666667	2
case_7_d_2_bn_1_PP_1_000	17	64.7058823529	45.8333333333	2
case_7_d_2_bn_1_PP_1_000	18	66.6666666667	50.0	2
case_7_d_2_bn_1_PP_1_000	19	63.1578947368	50.0	2
case_7_d_2_bn_1_PP_1_000	20	60.0	50.0	2
case_7_d_2_bn_1_PP_1_000	21	57.1428571429	50.0	2
case_7_d_2_bn_1_PP_1_000	22	59.0909090909	54.1666666667	2
case_7_d_2_bn_1_PP_1_000	23	56.5217391304	54.1666666667	2
case_9_d_2_bn_1_PP_1_000	1	100.0	4.0	2
case_9_d_2_bn_1_PP_1_000	2	100.0	8.0	2
case_9_d_2_bn_1_PP_1_000	3	100.0	12.0	2
case_9_d_2_bn_1_PP_1_000	4	100.0	16.0	2
case_9_d_2_bn_1_PP_1_000	5	100.0	20.0	2
case_9_d_2_bn_1_PP_1_000	6	100.0	24.0	2
case_9_d_2_bn_1_PP_1_000	7	100.0	28.0	2
case_9_d_2_bn_1_PP_1_000	8	100.0	32.0	2
case_9_d_2_bn_1_PP_1_000	9	100.0	36.0	2
case_9_d_2_bn_1_PP_1_000	10	100.0	40.0	2
case_9_d_2_bn_1_PP_1_000	11	100.0	44.0	2
case_9_d_2_bn_1_PP_1_000	12	100.0	48.0	2
case_9_d_2_bn_1_PP_1_000	13	100.0	52.0	2
case_9_d_2_bn_1_PP_1_000	14	92.8571428571	52.0	2
case_9_d_2_bn_1_PP_1_000	15	93.3333333333	56.0	2
case_9_d_2_bn_1_PP_1_000	16	87.5	56.0	2
case_9_d_2_bn_1_PP_1_000	17	88.2352941176	60.0	2
case_9_d_2_bn_1_PP_1_000	18	83.3333333333	60.0	2
case_9_d_2_bn_1_PP_1_000	19	78.9473684211	60.0	2
case_9_d_2_bn_1_PP_1_000	20	80.0	64.0	2
case_9_d_2_bn_1_PP_1_000	21	80.9523809524	68.0	2
case_9_d_2_bn_1_PP_1_000	22	81.8181818182	72.0	2
case_9_d_2_bn_1_PP_1_000	23	78.2608695652	72.0	2
