case_10_d_1_bn_1_PP_1_000	1	100.0	33.3333333333	1
case_10_d_1_bn_1_PP_1_000	2	100.0	66.6666666667	1
case_10_d_1_bn_1_PP_1_000	3	66.6666666667	66.6666666667	1
case_10_d_2_bn_1_PP_1_000	1	100.0	33.3333333333	2
case_10_d_2_bn_1_PP_1_000	2	100.0	66.6666666667	2
case_10_d_2_bn_1_PP_1_000	3	100.0	100.0	2
case_10_d_3_bn_1_PP_1_000	1	100.0	33.3333333333	3
case_10_d_3_bn_1_PP_1_000	2	100.0	66.6666666667	3
case_10_d_3_bn_1_PP_1_000	3	100.0	100.0	3
case_11_d_1_bn_1_PP_1_000	1	100.0	33.3333333333	1
case_11_d_1_bn_1_PP_1_000	2	100.0	66.6666666667	1
case_11_d_1_bn_1_PP_1_000	3	66.6666666667	66.6666666667	1
case_11_d_2_bn_1_PP_1_000	1	100.0	33.3333333333	2
case_11_d_2_bn_1_PP_1_000	2	100.0	66.6666666667	2
case_11_d_2_bn_1_PP_1_000	3	100.0	100.0	2
case_11_d_3_bn_1_PP_1_000	1	100.0	33.3333333333	3
case_11_d_3_bn_1_PP_1_000	2	100.0	66.6666666667	3
case_11_d_3_bn_1_PP_1_000	3	100.0	100.0	3
case_13_d_1_bn_1_PP_1_001	1	100.0	33.3333333333	1
case_13_d_1_bn_1_PP_1_001	2	100.0	66.6666666667	1
case_13_d_1_bn_1_PP_1_001	3	66.6666666667	66.6666666667	1
case_13_d_2_bn_1_PP_1_001	1	100.0	33.3333333333	2
case_13_d_2_bn_1_PP_1_001	2	100.0	66.6666666667	2
case_13_d_2_bn_1_PP_1_001	3	100.0	100.0	2
case_13_d_3_bn_1_PP_1_001	1	100.0	33.3333333333	3
case_13_d_3_bn_1_PP_1_001	2	100.0	66.6666666667	3
case_13_d_3_bn_1_PP_1_001	3	100.0	100.0	3
case_15_d_1_bn_1_PP_1_000	1	100.0	33.3333333333	1
case_15_d_1_bn_1_PP_1_000	2	100.0	66.6666666667	1
case_15_d_1_bn_1_PP_1_000	3	100.0	100.0	1
case_15_d_2_bn_1_PP_1_000	1	100.0	33.3333333333	2
case_15_d_2_bn_1_PP_1_000	2	100.0	66.6666666667	2
case_15_d_2_bn_1_PP_1_000	3	100.0	100.0	2
case_15_d_3_bn_1_PP_1_000	1	100.0	33.3333333333	3
case_15_d_3_bn_1_PP_1_000	2	100.0	66.6666666667	3
case_15_d_3_bn_1_PP_1_000	3	100.0	100.0	3
case_17_d_1_bn_1_PP_1_010	1	100.0	33.3333333333	1
case_17_d_1_bn_1_PP_1_010	2	100.0	66.6666666667	1
case_17_d_1_bn_1_PP_1_010	3	66.6666666667	66.6666666667	1
case_17_d_2_bn_1_PP_1_010	1	100.0	33.3333333333	2
case_17_d_2_bn_1_PP_1_010	2	100.0	66.6666666667	2
case_17_d_2_bn_1_PP_1_010	3	66.6666666667	66.6666666667	2
case_17_d_3_bn_1_PP_1_010	1	100.0	33.3333333333	3
case_17_d_3_bn_1_PP_1_010	2	100.0	66.6666666667	3
case_17_d_3_bn_1_PP_1_010	3	100.0	100.0	3
case_7_d_1_bn_1_PP_1_000	1	100.0	33.3333333333	1
case_7_d_1_bn_1_PP_1_000	2	100.0	66.6666666667	1
case_7_d_1_bn_1_PP_1_000	3	66.6666666667	66.6666666667	1
case_7_d_2_bn_1_PP_1_000	1	100.0	33.3333333333	2
case_7_d_2_bn_1_PP_1_000	2	50.0	33.3333333333	2
case_7_d_2_bn_1_PP_1_000	3	66.6666666667	66.6666666667	2
case_7_d_3_bn_1_PP_1_000	1	0.0	0.0	3
case_7_d_3_bn_1_PP_1_000	2	0.0	0.0	3
case_7_d_3_bn_1_PP_1_000	3	0.0	0.0	3
case_8_d_1_bn_1_PP_1_000	1	100.0	33.3333333333	1
case_8_d_1_bn_1_PP_1_000	2	100.0	66.6666666667	1
case_8_d_1_bn_1_PP_1_000	3	66.6666666667	66.6666666667	1
case_8_d_2_bn_1_PP_1_000	1	100.0	33.3333333333	2
case_8_d_2_bn_1_PP_1_000	2	100.0	66.6666666667	2
case_8_d_2_bn_1_PP_1_000	3	100.0	100.0	2
case_8_d_3_bn_1_PP_1_000	1	100.0	33.3333333333	3
case_8_d_3_bn_1_PP_1_000	2	100.0	66.6666666667	3
case_8_d_3_bn_1_PP_1_000	3	100.0	100.0	3
case_9_d_1_bn_1_PP_1_000	1	100.0	33.3333333333	1
case_9_d_1_bn_1_PP_1_000	2	100.0	66.6666666667	1
case_9_d_1_bn_1_PP_1_000	3	100.0	100.0	1
case_9_d_2_bn_1_PP_1_000	1	100.0	33.3333333333	2
case_9_d_2_bn_1_PP_1_000	2	100.0	66.6666666667	2
case_9_d_2_bn_1_PP_1_000	3	100.0	100.0	2
case_9_d_3_bn_1_PP_1_000	1	100.0	33.3333333333	3
case_9_d_3_bn_1_PP_1_000	2	50.0	33.3333333333	3
case_9_d_3_bn_1_PP_1_000	3	33.3333333333	33.3333333333	3
