case_10_d_2_bn_1_PP_1_000	1	100.0	4.34782608696	2
case_10_d_2_bn_1_PP_1_000	2	100.0	8.69565217391	2
case_10_d_2_bn_1_PP_1_000	3	100.0	13.0434782609	2
case_10_d_2_bn_1_PP_1_000	4	100.0	17.3913043478	2
case_10_d_2_bn_1_PP_1_000	5	100.0	21.7391304348	2
case_10_d_2_bn_1_PP_1_000	6	100.0	26.0869565217	2
case_10_d_2_bn_1_PP_1_000	7	100.0	30.4347826087	2
case_10_d_2_bn_1_PP_1_000	8	100.0	34.7826086957	2
case_10_d_2_bn_1_PP_1_000	9	100.0	39.1304347826	2
case_10_d_2_bn_1_PP_1_000	10	100.0	43.4782608696	2
case_10_d_2_bn_1_PP_1_000	11	90.9090909091	43.4782608696	2
case_10_d_2_bn_1_PP_1_000	12	91.6666666667	47.8260869565	2
case_10_d_2_bn_1_PP_1_000	13	92.3076923077	52.1739130435	2
case_10_d_2_bn_1_PP_1_000	14	92.8571428571	56.5217391304	2
case_10_d_2_bn_1_PP_1_000	15	86.6666666667	56.5217391304	2
case_10_d_2_bn_1_PP_1_000	16	87.5	60.8695652174	2
case_10_d_2_bn_1_PP_1_000	17	88.2352941176	65.2173913043	2
case_10_d_2_bn_1_PP_1_000	18	83.3333333333	65.2173913043	2
case_10_d_2_bn_1_PP_1_000	19	84.2105263158	69.5652173913	2
case_10_d_2_bn_1_PP_1_000	20	85.0	73.9130434783	2
case_10_d_2_bn_1_PP_1_000	21	85.7142857143	78.2608695652	2
case_11_d_2_bn_1_PP_1_000	1	100.0	4.34782608696	2
case_11_d_2_bn_1_PP_1_000	2	100.0	8.69565217391	2
case_11_d_2_bn_1_PP_1_000	3	100.0	13.0434782609	2
case_11_d_2_bn_1_PP_1_000	4	100.0	17.3913043478	2
case_11_d_2_bn_1_PP_1_000	5	100.0	21.7391304348	2
case_11_d_2_bn_1_PP_1_000	6	100.0	26.0869565217	2
case_11_d_2_bn_1_PP_1_000	7	100.0	30.4347826087	2
case_11_d_2_bn_1_PP_1_000	8	100.0	34.7826086957	2
case_11_d_2_bn_1_PP_1_000	9	100.0	39.1304347826	2
case_11_d_2_bn_1_PP_1_000	10	100.0	43.4782608696	2
case_11_d_2_bn_1_PP_1_000	11	100.0	47.8260869565	2
case_11_d_2_bn_1_PP_1_000	12	100.0	52.1739130435	2
case_11_d_2_bn_1_PP_1_000	13	92.3076923077	52.1739130435	2
case_11_d_2_bn_1_PP_1_000	14	92.8571428571	56.5217391304	2
case_11_d_2_bn_1_PP_1_000	15	86.6666666667	56.5217391304	2
case_11_d_2_bn_1_PP_1_000	16	81.25	56.5217391304	2
case_11_d_2_bn_1_PP_1_000	17	82.3529411765	60.8695652174	2
case_11_d_2_bn_1_PP_1_000	18	77.7777777778	60.8695652174	2
case_11_d_2_bn_1_PP_1_000	19	78.9473684211	65.2173913043	2
case_11_d_2_bn_1_PP_1_000	20	75.0	65.2173913043	2
case_11_d_2_bn_1_PP_1_000	21	76.1904761905	69.5652173913	2
case_13_d_2_bn_1_PP_1_001	1	100.0	4.34782608696	2
case_13_d_2_bn_1_PP_1_001	2	100.0	8.69565217391	2
case_13_d_2_bn_1_PP_1_001	3	100.0	13.0434782609	2
case_13_d_2_bn_1_PP_1_001	4	100.0	17.3913043478	2
case_13_d_2_bn_1_PP_1_001	5	100.0	21.7391304348	2
case_13_d_2_bn_1_PP_1_001	6	100.0	26.0869565217	2
case_13_d_2_bn_1_PP_1_001	7	100.0	30.4347826087	2
case_13_d_2_bn_1_PP_1_001	8	100.0	34.7826086957	2
case_13_d_2_bn_1_PP_1_001	9	100.0	39.1304347826	2
case_13_d_2_bn_1_PP_1_001	10	100.0	43.4782608696	2
case_13_d_2_bn_1_PP_1_001	11	100.0	47.8260869565	2
case_13_d_2_bn_1_PP_1_001	12	100.0	52.1739130435	2
case_13_d_2_bn_1_PP_1_001	13	100.0	56.5217391304	2
case_13_d_2_bn_1_PP_1_001	14	100.0	60.8695652174	2
case_13_d_2_bn_1_PP_1_001	15	100.0	65.2173913043	2
case_13_d_2_bn_1_PP_1_001	16	100.0	69.5652173913	2
case_13_d_2_bn_1_PP_1_001	17	94.1176470588	69.5652173913	2
case_13_d_2_bn_1_PP_1_001	18	94.4444444444	73.9130434783	2
case_13_d_2_bn_1_PP_1_001	19	94.7368421053	78.2608695652	2
case_13_d_2_bn_1_PP_1_001	20	90.0	78.2608695652	2
case_13_d_2_bn_1_PP_1_001	21	85.7142857143	78.2608695652	2
case_15_d_2_bn_1_PP_1_000	1	100.0	4.54545454545	2
case_15_d_2_bn_1_PP_1_000	2	100.0	9.09090909091	2
case_15_d_2_bn_1_PP_1_000	3	100.0	13.6363636364	2
case_15_d_2_bn_1_PP_1_000	4	100.0	18.1818181818	2
case_15_d_2_bn_1_PP_1_000	5	100.0	22.7272727273	2
case_15_d_2_bn_1_PP_1_000	6	100.0	27.2727272727	2
case_15_d_2_bn_1_PP_1_000	7	100.0	31.8181818182	2
case_15_d_2_bn_1_PP_1_000	8	100.0	36.3636363636	2
case_15_d_2_bn_1_PP_1_000	9	100.0	40.9090909091	2
case_15_d_2_bn_1_PP_1_000	10	100.0	45.4545454545	2
case_15_d_2_bn_1_PP_1_000	11	100.0	50.0	2
case_15_d_2_bn_1_PP_1_000	12	100.0	54.5454545455	2
case_15_d_2_bn_1_PP_1_000	13	100.0	59.0909090909	2
case_15_d_2_bn_1_PP_1_000	14	100.0	63.6363636364	2
case_15_d_2_bn_1_PP_1_000	15	93.3333333333	63.6363636364	2
case_15_d_2_bn_1_PP_1_000	16	93.75	68.1818181818	2
case_15_d_2_bn_1_PP_1_000	17	94.1176470588	72.7272727273	2
case_15_d_2_bn_1_PP_1_000	18	88.8888888889	72.7272727273	2
case_15_d_2_bn_1_PP_1_000	19	89.4736842105	77.2727272727	2
case_15_d_2_bn_1_PP_1_000	20	90.0	81.8181818182	2
case_15_d_2_bn_1_PP_1_000	21	90.4761904762	86.3636363636	2
case_17_d_2_bn_1_PP_1_010	1	100.0	4.54545454545	2
case_17_d_2_bn_1_PP_1_010	2	100.0	9.09090909091	2
case_17_d_2_bn_1_PP_1_010	3	100.0	13.6363636364	2
case_17_d_2_bn_1_PP_1_010	4	100.0	18.1818181818	2
case_17_d_2_bn_1_PP_1_010	5	100.0	22.7272727273	2
case_17_d_2_bn_1_PP_1_010	6	100.0	27.2727272727	2
case_17_d_2_bn_1_PP_1_010	7	100.0	31.8181818182	2
case_17_d_2_bn_1_PP_1_010	8	100.0	36.3636363636	2
case_17_d_2_bn_1_PP_1_010	9	100.0	40.9090909091	2
case_17_d_2_bn_1_PP_1_010	10	100.0	45.4545454545	2
case_17_d_2_bn_1_PP_1_010	11	100.0	50.0	2
case_17_d_2_bn_1_PP_1_010	12	100.0	54.5454545455	2
case_17_d_2_bn_1_PP_1_010	13	100.0	59.0909090909	2
case_17_d_2_bn_1_PP_1_010	14	100.0	63.6363636364	2
case_17_d_2_bn_1_PP_1_010	15	100.0	68.1818181818	2
case_17_d_2_bn_1_PP_1_010	16	93.75	68.1818181818	2
case_17_d_2_bn_1_PP_1_010	17	88.2352941176	68.1818181818	2
case_17_d_2_bn_1_PP_1_010	18	83.3333333333	68.1818181818	2
case_17_d_2_bn_1_PP_1_010	19	78.9473684211	68.1818181818	2
case_17_d_2_bn_1_PP_1_010	20	75.0	68.1818181818	2
case_17_d_2_bn_1_PP_1_010	21	76.1904761905	72.7272727273	2
case_7_d_2_bn_1_PP_1_000	1	100.0	4.54545454545	2
case_7_d_2_bn_1_PP_1_000	2	100.0	9.09090909091	2
case_7_d_2_bn_1_PP_1_000	3	100.0	13.6363636364	2
case_7_d_2_bn_1_PP_1_000	4	100.0	18.1818181818	2
case_7_d_2_bn_1_PP_1_000	5	100.0	22.7272727273	2
case_7_d_2_bn_1_PP_1_000	6	100.0	27.2727272727	2
case_7_d_2_bn_1_PP_1_000	7	85.7142857143	27.2727272727	2
case_7_d_2_bn_1_PP_1_000	8	87.5	31.8181818182	2
case_7_d_2_bn_1_PP_1_000	9	88.8888888889	36.3636363636	2
case_7_d_2_bn_1_PP_1_000	10	90.0	40.9090909091	2
case_7_d_2_bn_1_PP_1_000	11	90.9090909091	45.4545454545	2
case_7_d_2_bn_1_PP_1_000	12	91.6666666667	50.0	2
case_7_d_2_bn_1_PP_1_000	13	92.3076923077	54.5454545455	2
case_7_d_2_bn_1_PP_1_000	14	92.8571428571	59.0909090909	2
case_7_d_2_bn_1_PP_1_000	15	93.3333333333	63.6363636364	2
case_7_d_2_bn_1_PP_1_000	16	93.75	68.1818181818	2
case_7_d_2_bn_1_PP_1_000	17	88.2352941176	68.1818181818	2
case_7_d_2_bn_1_PP_1_000	18	88.8888888889	72.7272727273	2
case_7_d_2_bn_1_PP_1_000	19	89.4736842105	77.2727272727	2
case_7_d_2_bn_1_PP_1_000	20	85.0	77.2727272727	2
case_7_d_2_bn_1_PP_1_000	21	85.7142857143	81.8181818182	2
case_9_d_2_bn_1_PP_1_000	1	100.0	4.16666666667	2
case_9_d_2_bn_1_PP_1_000	2	100.0	8.33333333333	2
case_9_d_2_bn_1_PP_1_000	3	100.0	12.5	2
case_9_d_2_bn_1_PP_1_000	4	100.0	16.6666666667	2
case_9_d_2_bn_1_PP_1_000	5	100.0	20.8333333333	2
case_9_d_2_bn_1_PP_1_000	6	100.0	25.0	2
case_9_d_2_bn_1_PP_1_000	7	100.0	29.1666666667	2
case_9_d_2_bn_1_PP_1_000	8	100.0	33.3333333333	2
case_9_d_2_bn_1_PP_1_000	9	100.0	37.5	2
case_9_d_2_bn_1_PP_1_000	10	100.0	41.6666666667	2
case_9_d_2_bn_1_PP_1_000	11	90.9090909091	41.6666666667	2
case_9_d_2_bn_1_PP_1_000	12	91.6666666667	45.8333333333	2
case_9_d_2_bn_1_PP_1_000	13	92.3076923077	50.0	2
case_9_d_2_bn_1_PP_1_000	14	92.8571428571	54.1666666667	2
case_9_d_2_bn_1_PP_1_000	15	93.3333333333	58.3333333333	2
case_9_d_2_bn_1_PP_1_000	16	93.75	62.5	2
case_9_d_2_bn_1_PP_1_000	17	94.1176470588	66.6666666667	2
case_9_d_2_bn_1_PP_1_000	18	88.8888888889	66.6666666667	2
case_9_d_2_bn_1_PP_1_000	19	89.4736842105	70.8333333333	2
case_9_d_2_bn_1_PP_1_000	20	85.0	70.8333333333	2
case_9_d_2_bn_1_PP_1_000	21	80.9523809524	70.8333333333	2
