case_10_d_1_bn_1_PP_1_000	1	100.0	1.42857142857	1
case_10_d_1_bn_1_PP_1_000	2	100.0	2.85714285714	1
case_10_d_1_bn_1_PP_1_000	3	100.0	4.28571428571	1
case_10_d_1_bn_1_PP_1_000	4	100.0	5.71428571429	1
case_10_d_1_bn_1_PP_1_000	5	100.0	7.14285714286	1
case_10_d_1_bn_1_PP_1_000	6	100.0	8.57142857143	1
case_10_d_1_bn_1_PP_1_000	7	100.0	10.0	1
case_10_d_1_bn_1_PP_1_000	8	100.0	11.4285714286	1
case_10_d_1_bn_1_PP_1_000	9	100.0	12.8571428571	1
case_10_d_1_bn_1_PP_1_000	10	100.0	14.2857142857	1
case_10_d_1_bn_1_PP_1_000	11	100.0	15.7142857143	1
case_10_d_1_bn_1_PP_1_000	12	100.0	17.1428571429	1
case_10_d_1_bn_1_PP_1_000	13	100.0	18.5714285714	1
case_10_d_1_bn_1_PP_1_000	14	100.0	20.0	1
case_10_d_1_bn_1_PP_1_000	15	100.0	21.4285714286	1
case_10_d_1_bn_1_PP_1_000	16	100.0	22.8571428571	1
case_10_d_1_bn_1_PP_1_000	17	100.0	24.2857142857	1
case_10_d_1_bn_1_PP_1_000	18	100.0	25.7142857143	1
case_10_d_1_bn_1_PP_1_000	19	100.0	27.1428571429	1
case_10_d_1_bn_1_PP_1_000	20	100.0	28.5714285714	1
case_10_d_1_bn_1_PP_1_000	21	100.0	30.0	1
case_10_d_1_bn_1_PP_1_000	22	100.0	31.4285714286	1
case_10_d_1_bn_1_PP_1_000	23	100.0	32.8571428571	1
case_10_d_1_bn_1_PP_1_000	24	100.0	34.2857142857	1
case_10_d_1_bn_1_PP_1_000	25	100.0	35.7142857143	1
case_10_d_1_bn_1_PP_1_000	26	100.0	37.1428571429	1
case_10_d_1_bn_1_PP_1_000	27	100.0	38.5714285714	1
case_10_d_1_bn_1_PP_1_000	28	100.0	40.0	1
case_10_d_1_bn_1_PP_1_000	29	100.0	41.4285714286	1
case_10_d_1_bn_1_PP_1_000	30	100.0	42.8571428571	1
case_10_d_1_bn_1_PP_1_000	31	100.0	44.2857142857	1
case_10_d_1_bn_1_PP_1_000	32	100.0	45.7142857143	1
case_10_d_1_bn_1_PP_1_000	33	100.0	47.1428571429	1
case_10_d_1_bn_1_PP_1_000	34	100.0	48.5714285714	1
case_10_d_1_bn_1_PP_1_000	35	100.0	50.0	1
case_10_d_1_bn_1_PP_1_000	36	100.0	51.4285714286	1
case_10_d_1_bn_1_PP_1_000	37	100.0	52.8571428571	1
case_10_d_1_bn_1_PP_1_000	38	100.0	54.2857142857	1
case_10_d_1_bn_1_PP_1_000	39	100.0	55.7142857143	1
case_10_d_1_bn_1_PP_1_000	40	100.0	57.1428571429	1
case_10_d_1_bn_1_PP_1_000	41	100.0	58.5714285714	1
case_10_d_1_bn_1_PP_1_000	42	100.0	60.0	1
case_10_d_1_bn_1_PP_1_000	43	100.0	61.4285714286	1
case_10_d_1_bn_1_PP_1_000	44	100.0	62.8571428571	1
case_10_d_1_bn_1_PP_1_000	45	100.0	64.2857142857	1
case_10_d_1_bn_1_PP_1_000	46	100.0	65.7142857143	1
case_10_d_1_bn_1_PP_1_000	47	100.0	67.1428571429	1
case_10_d_1_bn_1_PP_1_000	48	100.0	68.5714285714	1
case_10_d_1_bn_1_PP_1_000	49	100.0	70.0	1
case_10_d_1_bn_1_PP_1_000	50	100.0	71.4285714286	1
case_10_d_1_bn_1_PP_1_000	51	100.0	72.8571428571	1
case_10_d_1_bn_1_PP_1_000	52	100.0	74.2857142857	1
case_10_d_1_bn_1_PP_1_000	53	100.0	75.7142857143	1
case_10_d_1_bn_1_PP_1_000	54	100.0	77.1428571429	1
case_10_d_1_bn_1_PP_1_000	55	100.0	78.5714285714	1
case_10_d_1_bn_1_PP_1_000	56	100.0	80.0	1
case_10_d_1_bn_1_PP_1_000	57	100.0	81.4285714286	1
case_10_d_1_bn_1_PP_1_000	58	100.0	82.8571428571	1
case_10_d_1_bn_1_PP_1_000	59	100.0	84.2857142857	1
case_10_d_1_bn_1_PP_1_000	60	100.0	85.7142857143	1
case_10_d_1_bn_1_PP_1_000	61	100.0	87.1428571429	1
case_10_d_1_bn_1_PP_1_000	62	100.0	88.5714285714	1
case_10_d_1_bn_1_PP_1_000	63	100.0	90.0	1
case_10_d_1_bn_1_PP_1_000	64	100.0	91.4285714286	1
case_10_d_1_bn_1_PP_1_000	65	98.4615384615	91.4285714286	1
case_10_d_1_bn_1_PP_1_000	66	96.9696969697	91.4285714286	1
case_10_d_1_bn_1_PP_1_000	67	97.0149253731	92.8571428571	1
case_10_d_1_bn_1_PP_1_000	68	97.0588235294	94.2857142857	1
case_10_d_1_bn_1_PP_1_000	69	95.652173913	94.2857142857	1
case_10_d_1_bn_1_PP_1_000	70	95.7142857143	95.7142857143	1
case_10_d_2_bn_1_PP_1_000	1	100.0	1.42857142857	2
case_10_d_2_bn_1_PP_1_000	2	100.0	2.85714285714	2
case_10_d_2_bn_1_PP_1_000	3	100.0	4.28571428571	2
case_10_d_2_bn_1_PP_1_000	4	100.0	5.71428571429	2
case_10_d_2_bn_1_PP_1_000	5	100.0	7.14285714286	2
case_10_d_2_bn_1_PP_1_000	6	100.0	8.57142857143	2
case_10_d_2_bn_1_PP_1_000	7	100.0	10.0	2
case_10_d_2_bn_1_PP_1_000	8	100.0	11.4285714286	2
case_10_d_2_bn_1_PP_1_000	9	100.0	12.8571428571	2
case_10_d_2_bn_1_PP_1_000	10	100.0	14.2857142857	2
case_10_d_2_bn_1_PP_1_000	11	100.0	15.7142857143	2
case_10_d_2_bn_1_PP_1_000	12	100.0	17.1428571429	2
case_10_d_2_bn_1_PP_1_000	13	100.0	18.5714285714	2
case_10_d_2_bn_1_PP_1_000	14	100.0	20.0	2
case_10_d_2_bn_1_PP_1_000	15	100.0	21.4285714286	2
case_10_d_2_bn_1_PP_1_000	16	100.0	22.8571428571	2
case_10_d_2_bn_1_PP_1_000	17	100.0	24.2857142857	2
case_10_d_2_bn_1_PP_1_000	18	100.0	25.7142857143	2
case_10_d_2_bn_1_PP_1_000	19	100.0	27.1428571429	2
case_10_d_2_bn_1_PP_1_000	20	100.0	28.5714285714	2
case_10_d_2_bn_1_PP_1_000	21	100.0	30.0	2
case_10_d_2_bn_1_PP_1_000	22	100.0	31.4285714286	2
case_10_d_2_bn_1_PP_1_000	23	100.0	32.8571428571	2
case_10_d_2_bn_1_PP_1_000	24	100.0	34.2857142857	2
case_10_d_2_bn_1_PP_1_000	25	100.0	35.7142857143	2
case_10_d_2_bn_1_PP_1_000	26	100.0	37.1428571429	2
case_10_d_2_bn_1_PP_1_000	27	100.0	38.5714285714	2
case_10_d_2_bn_1_PP_1_000	28	100.0	40.0	2
case_10_d_2_bn_1_PP_1_000	29	100.0	41.4285714286	2
case_10_d_2_bn_1_PP_1_000	30	100.0	42.8571428571	2
case_10_d_2_bn_1_PP_1_000	31	100.0	44.2857142857	2
case_10_d_2_bn_1_PP_1_000	32	100.0	45.7142857143	2
case_10_d_2_bn_1_PP_1_000	33	100.0	47.1428571429	2
case_10_d_2_bn_1_PP_1_000	34	100.0	48.5714285714	2
case_10_d_2_bn_1_PP_1_000	35	100.0	50.0	2
case_10_d_2_bn_1_PP_1_000	36	100.0	51.4285714286	2
case_10_d_2_bn_1_PP_1_000	37	100.0	52.8571428571	2
case_10_d_2_bn_1_PP_1_000	38	100.0	54.2857142857	2
case_10_d_2_bn_1_PP_1_000	39	100.0	55.7142857143	2
case_10_d_2_bn_1_PP_1_000	40	100.0	57.1428571429	2
case_10_d_2_bn_1_PP_1_000	41	100.0	58.5714285714	2
case_10_d_2_bn_1_PP_1_000	42	100.0	60.0	2
case_10_d_2_bn_1_PP_1_000	43	100.0	61.4285714286	2
case_10_d_2_bn_1_PP_1_000	44	100.0	62.8571428571	2
case_10_d_2_bn_1_PP_1_000	45	100.0	64.2857142857	2
case_10_d_2_bn_1_PP_1_000	46	100.0	65.7142857143	2
case_10_d_2_bn_1_PP_1_000	47	100.0	67.1428571429	2
case_10_d_2_bn_1_PP_1_000	48	100.0	68.5714285714	2
case_10_d_2_bn_1_PP_1_000	49	100.0	70.0	2
case_10_d_2_bn_1_PP_1_000	50	100.0	71.4285714286	2
case_10_d_2_bn_1_PP_1_000	51	100.0	72.8571428571	2
case_10_d_2_bn_1_PP_1_000	52	100.0	74.2857142857	2
case_10_d_2_bn_1_PP_1_000	53	100.0	75.7142857143	2
case_10_d_2_bn_1_PP_1_000	54	100.0	77.1428571429	2
case_10_d_2_bn_1_PP_1_000	55	100.0	78.5714285714	2
case_10_d_2_bn_1_PP_1_000	56	100.0	80.0	2
case_10_d_2_bn_1_PP_1_000	57	100.0	81.4285714286	2
case_10_d_2_bn_1_PP_1_000	58	100.0	82.8571428571	2
case_10_d_2_bn_1_PP_1_000	59	100.0	84.2857142857	2
case_10_d_2_bn_1_PP_1_000	60	100.0	85.7142857143	2
case_10_d_2_bn_1_PP_1_000	61	100.0	87.1428571429	2
case_10_d_2_bn_1_PP_1_000	62	100.0	88.5714285714	2
case_10_d_2_bn_1_PP_1_000	63	100.0	90.0	2
case_10_d_2_bn_1_PP_1_000	64	100.0	91.4285714286	2
case_10_d_2_bn_1_PP_1_000	65	98.4615384615	91.4285714286	2
case_10_d_2_bn_1_PP_1_000	66	98.4848484848	92.8571428571	2
case_10_d_2_bn_1_PP_1_000	67	97.0149253731	92.8571428571	2
case_10_d_2_bn_1_PP_1_000	68	97.0588235294	94.2857142857	2
case_10_d_2_bn_1_PP_1_000	69	95.652173913	94.2857142857	2
case_10_d_2_bn_1_PP_1_000	70	95.7142857143	95.7142857143	2
case_11_d_1_bn_1_PP_1_000	1	100.0	1.42857142857	1
case_11_d_1_bn_1_PP_1_000	2	100.0	2.85714285714	1
case_11_d_1_bn_1_PP_1_000	3	100.0	4.28571428571	1
case_11_d_1_bn_1_PP_1_000	4	100.0	5.71428571429	1
case_11_d_1_bn_1_PP_1_000	5	100.0	7.14285714286	1
case_11_d_1_bn_1_PP_1_000	6	100.0	8.57142857143	1
case_11_d_1_bn_1_PP_1_000	7	100.0	10.0	1
case_11_d_1_bn_1_PP_1_000	8	100.0	11.4285714286	1
case_11_d_1_bn_1_PP_1_000	9	100.0	12.8571428571	1
case_11_d_1_bn_1_PP_1_000	10	100.0	14.2857142857	1
case_11_d_1_bn_1_PP_1_000	11	100.0	15.7142857143	1
case_11_d_1_bn_1_PP_1_000	12	100.0	17.1428571429	1
case_11_d_1_bn_1_PP_1_000	13	100.0	18.5714285714	1
case_11_d_1_bn_1_PP_1_000	14	100.0	20.0	1
case_11_d_1_bn_1_PP_1_000	15	100.0	21.4285714286	1
case_11_d_1_bn_1_PP_1_000	16	100.0	22.8571428571	1
case_11_d_1_bn_1_PP_1_000	17	100.0	24.2857142857	1
case_11_d_1_bn_1_PP_1_000	18	100.0	25.7142857143	1
case_11_d_1_bn_1_PP_1_000	19	100.0	27.1428571429	1
case_11_d_1_bn_1_PP_1_000	20	100.0	28.5714285714	1
case_11_d_1_bn_1_PP_1_000	21	100.0	30.0	1
case_11_d_1_bn_1_PP_1_000	22	100.0	31.4285714286	1
case_11_d_1_bn_1_PP_1_000	23	100.0	32.8571428571	1
case_11_d_1_bn_1_PP_1_000	24	100.0	34.2857142857	1
case_11_d_1_bn_1_PP_1_000	25	100.0	35.7142857143	1
case_11_d_1_bn_1_PP_1_000	26	100.0	37.1428571429	1
case_11_d_1_bn_1_PP_1_000	27	100.0	38.5714285714	1
case_11_d_1_bn_1_PP_1_000	28	100.0	40.0	1
case_11_d_1_bn_1_PP_1_000	29	100.0	41.4285714286	1
case_11_d_1_bn_1_PP_1_000	30	100.0	42.8571428571	1
case_11_d_1_bn_1_PP_1_000	31	100.0	44.2857142857	1
case_11_d_1_bn_1_PP_1_000	32	100.0	45.7142857143	1
case_11_d_1_bn_1_PP_1_000	33	100.0	47.1428571429	1
case_11_d_1_bn_1_PP_1_000	34	100.0	48.5714285714	1
case_11_d_1_bn_1_PP_1_000	35	100.0	50.0	1
case_11_d_1_bn_1_PP_1_000	36	100.0	51.4285714286	1
case_11_d_1_bn_1_PP_1_000	37	100.0	52.8571428571	1
case_11_d_1_bn_1_PP_1_000	38	100.0	54.2857142857	1
case_11_d_1_bn_1_PP_1_000	39	100.0	55.7142857143	1
case_11_d_1_bn_1_PP_1_000	40	100.0	57.1428571429	1
case_11_d_1_bn_1_PP_1_000	41	100.0	58.5714285714	1
case_11_d_1_bn_1_PP_1_000	42	100.0	60.0	1
case_11_d_1_bn_1_PP_1_000	43	100.0	61.4285714286	1
case_11_d_1_bn_1_PP_1_000	44	100.0	62.8571428571	1
case_11_d_1_bn_1_PP_1_000	45	100.0	64.2857142857	1
case_11_d_1_bn_1_PP_1_000	46	97.8260869565	64.2857142857	1
case_11_d_1_bn_1_PP_1_000	47	97.8723404255	65.7142857143	1
case_11_d_1_bn_1_PP_1_000	48	97.9166666667	67.1428571429	1
case_11_d_1_bn_1_PP_1_000	49	97.9591836735	68.5714285714	1
case_11_d_1_bn_1_PP_1_000	50	96.0	68.5714285714	1
case_11_d_1_bn_1_PP_1_000	51	96.0784313725	70.0	1
case_11_d_1_bn_1_PP_1_000	52	96.1538461538	71.4285714286	1
case_11_d_1_bn_1_PP_1_000	53	96.2264150943	72.8571428571	1
case_11_d_1_bn_1_PP_1_000	54	96.2962962963	74.2857142857	1
case_11_d_1_bn_1_PP_1_000	55	96.3636363636	75.7142857143	1
case_11_d_1_bn_1_PP_1_000	56	94.6428571429	75.7142857143	1
case_11_d_1_bn_1_PP_1_000	57	94.7368421053	77.1428571429	1
case_11_d_1_bn_1_PP_1_000	58	94.8275862069	78.5714285714	1
case_11_d_1_bn_1_PP_1_000	59	94.9152542373	80.0	1
case_11_d_1_bn_1_PP_1_000	60	95.0	81.4285714286	1
case_11_d_1_bn_1_PP_1_000	61	95.0819672131	82.8571428571	1
case_11_d_1_bn_1_PP_1_000	62	95.1612903226	84.2857142857	1
case_11_d_1_bn_1_PP_1_000	63	95.2380952381	85.7142857143	1
case_11_d_1_bn_1_PP_1_000	64	95.3125	87.1428571429	1
case_11_d_1_bn_1_PP_1_000	65	95.3846153846	88.5714285714	1
case_11_d_1_bn_1_PP_1_000	66	93.9393939394	88.5714285714	1
case_11_d_1_bn_1_PP_1_000	67	94.0298507463	90.0	1
case_11_d_1_bn_1_PP_1_000	68	94.1176470588	91.4285714286	1
case_11_d_1_bn_1_PP_1_000	69	92.7536231884	91.4285714286	1
case_11_d_1_bn_1_PP_1_000	70	92.8571428571	92.8571428571	1
case_11_d_2_bn_1_PP_1_000	1	100.0	1.42857142857	2
case_11_d_2_bn_1_PP_1_000	2	100.0	2.85714285714	2
case_11_d_2_bn_1_PP_1_000	3	100.0	4.28571428571	2
case_11_d_2_bn_1_PP_1_000	4	100.0	5.71428571429	2
case_11_d_2_bn_1_PP_1_000	5	100.0	7.14285714286	2
case_11_d_2_bn_1_PP_1_000	6	100.0	8.57142857143	2
case_11_d_2_bn_1_PP_1_000	7	100.0	10.0	2
case_11_d_2_bn_1_PP_1_000	8	100.0	11.4285714286	2
case_11_d_2_bn_1_PP_1_000	9	100.0	12.8571428571	2
case_11_d_2_bn_1_PP_1_000	10	100.0	14.2857142857	2
case_11_d_2_bn_1_PP_1_000	11	100.0	15.7142857143	2
case_11_d_2_bn_1_PP_1_000	12	100.0	17.1428571429	2
case_11_d_2_bn_1_PP_1_000	13	100.0	18.5714285714	2
case_11_d_2_bn_1_PP_1_000	14	100.0	20.0	2
case_11_d_2_bn_1_PP_1_000	15	100.0	21.4285714286	2
case_11_d_2_bn_1_PP_1_000	16	100.0	22.8571428571	2
case_11_d_2_bn_1_PP_1_000	17	100.0	24.2857142857	2
case_11_d_2_bn_1_PP_1_000	18	100.0	25.7142857143	2
case_11_d_2_bn_1_PP_1_000	19	100.0	27.1428571429	2
case_11_d_2_bn_1_PP_1_000	20	100.0	28.5714285714	2
case_11_d_2_bn_1_PP_1_000	21	100.0	30.0	2
case_11_d_2_bn_1_PP_1_000	22	100.0	31.4285714286	2
case_11_d_2_bn_1_PP_1_000	23	100.0	32.8571428571	2
case_11_d_2_bn_1_PP_1_000	24	100.0	34.2857142857	2
case_11_d_2_bn_1_PP_1_000	25	100.0	35.7142857143	2
case_11_d_2_bn_1_PP_1_000	26	100.0	37.1428571429	2
case_11_d_2_bn_1_PP_1_000	27	100.0	38.5714285714	2
case_11_d_2_bn_1_PP_1_000	28	96.4285714286	38.5714285714	2
case_11_d_2_bn_1_PP_1_000	29	96.5517241379	40.0	2
case_11_d_2_bn_1_PP_1_000	30	96.6666666667	41.4285714286	2
case_11_d_2_bn_1_PP_1_000	31	96.7741935484	42.8571428571	2
case_11_d_2_bn_1_PP_1_000	32	96.875	44.2857142857	2
case_11_d_2_bn_1_PP_1_000	33	96.9696969697	45.7142857143	2
case_11_d_2_bn_1_PP_1_000	34	97.0588235294	47.1428571429	2
case_11_d_2_bn_1_PP_1_000	35	97.1428571429	48.5714285714	2
case_11_d_2_bn_1_PP_1_000	36	97.2222222222	50.0	2
case_11_d_2_bn_1_PP_1_000	37	97.2972972973	51.4285714286	2
case_11_d_2_bn_1_PP_1_000	38	97.3684210526	52.8571428571	2
case_11_d_2_bn_1_PP_1_000	39	97.4358974359	54.2857142857	2
case_11_d_2_bn_1_PP_1_000	40	97.5	55.7142857143	2
case_11_d_2_bn_1_PP_1_000	41	97.5609756098	57.1428571429	2
case_11_d_2_bn_1_PP_1_000	42	97.619047619	58.5714285714	2
case_11_d_2_bn_1_PP_1_000	43	97.6744186047	60.0	2
case_11_d_2_bn_1_PP_1_000	44	97.7272727273	61.4285714286	2
case_11_d_2_bn_1_PP_1_000	45	97.7777777778	62.8571428571	2
case_11_d_2_bn_1_PP_1_000	46	97.8260869565	64.2857142857	2
case_11_d_2_bn_1_PP_1_000	47	97.8723404255	65.7142857143	2
case_11_d_2_bn_1_PP_1_000	48	97.9166666667	67.1428571429	2
case_11_d_2_bn_1_PP_1_000	49	97.9591836735	68.5714285714	2
case_11_d_2_bn_1_PP_1_000	50	98.0	70.0	2
case_11_d_2_bn_1_PP_1_000	51	98.0392156863	71.4285714286	2
case_11_d_2_bn_1_PP_1_000	52	98.0769230769	72.8571428571	2
case_11_d_2_bn_1_PP_1_000	53	98.1132075472	74.2857142857	2
case_11_d_2_bn_1_PP_1_000	54	98.1481481481	75.7142857143	2
case_11_d_2_bn_1_PP_1_000	55	98.1818181818	77.1428571429	2
case_11_d_2_bn_1_PP_1_000	56	98.2142857143	78.5714285714	2
case_11_d_2_bn_1_PP_1_000	57	98.2456140351	80.0	2
case_11_d_2_bn_1_PP_1_000	58	98.275862069	81.4285714286	2
case_11_d_2_bn_1_PP_1_000	59	98.3050847458	82.8571428571	2
case_11_d_2_bn_1_PP_1_000	60	98.3333333333	84.2857142857	2
case_11_d_2_bn_1_PP_1_000	61	98.3606557377	85.7142857143	2
case_11_d_2_bn_1_PP_1_000	62	98.3870967742	87.1428571429	2
case_11_d_2_bn_1_PP_1_000	63	98.4126984127	88.5714285714	2
case_11_d_2_bn_1_PP_1_000	64	98.4375	90.0	2
case_11_d_2_bn_1_PP_1_000	65	98.4615384615	91.4285714286	2
case_11_d_2_bn_1_PP_1_000	66	98.4848484848	92.8571428571	2
case_11_d_2_bn_1_PP_1_000	67	98.5074626866	94.2857142857	2
case_11_d_2_bn_1_PP_1_000	68	98.5294117647	95.7142857143	2
case_11_d_2_bn_1_PP_1_000	69	97.1014492754	95.7142857143	2
case_11_d_2_bn_1_PP_1_000	70	95.7142857143	95.7142857143	2
case_13_d_1_bn_1_PP_1_001	1	100.0	1.42857142857	1
case_13_d_1_bn_1_PP_1_001	2	100.0	2.85714285714	1
case_13_d_1_bn_1_PP_1_001	3	100.0	4.28571428571	1
case_13_d_1_bn_1_PP_1_001	4	100.0	5.71428571429	1
case_13_d_1_bn_1_PP_1_001	5	100.0	7.14285714286	1
case_13_d_1_bn_1_PP_1_001	6	100.0	8.57142857143	1
case_13_d_1_bn_1_PP_1_001	7	100.0	10.0	1
case_13_d_1_bn_1_PP_1_001	8	100.0	11.4285714286	1
case_13_d_1_bn_1_PP_1_001	9	100.0	12.8571428571	1
case_13_d_1_bn_1_PP_1_001	10	100.0	14.2857142857	1
case_13_d_1_bn_1_PP_1_001	11	100.0	15.7142857143	1
case_13_d_1_bn_1_PP_1_001	12	100.0	17.1428571429	1
case_13_d_1_bn_1_PP_1_001	13	100.0	18.5714285714	1
case_13_d_1_bn_1_PP_1_001	14	100.0	20.0	1
case_13_d_1_bn_1_PP_1_001	15	100.0	21.4285714286	1
case_13_d_1_bn_1_PP_1_001	16	100.0	22.8571428571	1
case_13_d_1_bn_1_PP_1_001	17	100.0	24.2857142857	1
case_13_d_1_bn_1_PP_1_001	18	100.0	25.7142857143	1
case_13_d_1_bn_1_PP_1_001	19	100.0	27.1428571429	1
case_13_d_1_bn_1_PP_1_001	20	100.0	28.5714285714	1
case_13_d_1_bn_1_PP_1_001	21	100.0	30.0	1
case_13_d_1_bn_1_PP_1_001	22	100.0	31.4285714286	1
case_13_d_1_bn_1_PP_1_001	23	100.0	32.8571428571	1
case_13_d_1_bn_1_PP_1_001	24	100.0	34.2857142857	1
case_13_d_1_bn_1_PP_1_001	25	100.0	35.7142857143	1
case_13_d_1_bn_1_PP_1_001	26	100.0	37.1428571429	1
case_13_d_1_bn_1_PP_1_001	27	100.0	38.5714285714	1
case_13_d_1_bn_1_PP_1_001	28	100.0	40.0	1
case_13_d_1_bn_1_PP_1_001	29	100.0	41.4285714286	1
case_13_d_1_bn_1_PP_1_001	30	100.0	42.8571428571	1
case_13_d_1_bn_1_PP_1_001	31	100.0	44.2857142857	1
case_13_d_1_bn_1_PP_1_001	32	100.0	45.7142857143	1
case_13_d_1_bn_1_PP_1_001	33	100.0	47.1428571429	1
case_13_d_1_bn_1_PP_1_001	34	100.0	48.5714285714	1
case_13_d_1_bn_1_PP_1_001	35	100.0	50.0	1
case_13_d_1_bn_1_PP_1_001	36	100.0	51.4285714286	1
case_13_d_1_bn_1_PP_1_001	37	100.0	52.8571428571	1
case_13_d_1_bn_1_PP_1_001	38	100.0	54.2857142857	1
case_13_d_1_bn_1_PP_1_001	39	100.0	55.7142857143	1
case_13_d_1_bn_1_PP_1_001	40	100.0	57.1428571429	1
case_13_d_1_bn_1_PP_1_001	41	100.0	58.5714285714	1
case_13_d_1_bn_1_PP_1_001	42	100.0	60.0	1
case_13_d_1_bn_1_PP_1_001	43	100.0	61.4285714286	1
case_13_d_1_bn_1_PP_1_001	44	100.0	62.8571428571	1
case_13_d_1_bn_1_PP_1_001	45	100.0	64.2857142857	1
case_13_d_1_bn_1_PP_1_001	46	100.0	65.7142857143	1
case_13_d_1_bn_1_PP_1_001	47	100.0	67.1428571429	1
case_13_d_1_bn_1_PP_1_001	48	100.0	68.5714285714	1
case_13_d_1_bn_1_PP_1_001	49	100.0	70.0	1
case_13_d_1_bn_1_PP_1_001	50	100.0	71.4285714286	1
case_13_d_1_bn_1_PP_1_001	51	98.0392156863	71.4285714286	1
case_13_d_1_bn_1_PP_1_001	52	98.0769230769	72.8571428571	1
case_13_d_1_bn_1_PP_1_001	53	98.1132075472	74.2857142857	1
case_13_d_1_bn_1_PP_1_001	54	98.1481481481	75.7142857143	1
case_13_d_1_bn_1_PP_1_001	55	98.1818181818	77.1428571429	1
case_13_d_1_bn_1_PP_1_001	56	98.2142857143	78.5714285714	1
case_13_d_1_bn_1_PP_1_001	57	98.2456140351	80.0	1
case_13_d_1_bn_1_PP_1_001	58	98.275862069	81.4285714286	1
case_13_d_1_bn_1_PP_1_001	59	98.3050847458	82.8571428571	1
case_13_d_1_bn_1_PP_1_001	60	98.3333333333	84.2857142857	1
case_13_d_1_bn_1_PP_1_001	61	98.3606557377	85.7142857143	1
case_13_d_1_bn_1_PP_1_001	62	96.7741935484	85.7142857143	1
case_13_d_1_bn_1_PP_1_001	63	96.8253968254	87.1428571429	1
case_13_d_1_bn_1_PP_1_001	64	95.3125	87.1428571429	1
case_13_d_1_bn_1_PP_1_001	65	95.3846153846	88.5714285714	1
case_13_d_1_bn_1_PP_1_001	66	95.4545454545	90.0	1
case_13_d_1_bn_1_PP_1_001	67	95.5223880597	91.4285714286	1
case_13_d_1_bn_1_PP_1_001	68	94.1176470588	91.4285714286	1
case_13_d_1_bn_1_PP_1_001	69	94.2028985507	92.8571428571	1
case_13_d_1_bn_1_PP_1_001	70	94.2857142857	94.2857142857	1
case_13_d_2_bn_1_PP_1_001	1	100.0	1.42857142857	2
case_13_d_2_bn_1_PP_1_001	2	100.0	2.85714285714	2
case_13_d_2_bn_1_PP_1_001	3	100.0	4.28571428571	2
case_13_d_2_bn_1_PP_1_001	4	100.0	5.71428571429	2
case_13_d_2_bn_1_PP_1_001	5	100.0	7.14285714286	2
case_13_d_2_bn_1_PP_1_001	6	100.0	8.57142857143	2
case_13_d_2_bn_1_PP_1_001	7	100.0	10.0	2
case_13_d_2_bn_1_PP_1_001	8	100.0	11.4285714286	2
case_13_d_2_bn_1_PP_1_001	9	100.0	12.8571428571	2
case_13_d_2_bn_1_PP_1_001	10	100.0	14.2857142857	2
case_13_d_2_bn_1_PP_1_001	11	100.0	15.7142857143	2
case_13_d_2_bn_1_PP_1_001	12	100.0	17.1428571429	2
case_13_d_2_bn_1_PP_1_001	13	100.0	18.5714285714	2
case_13_d_2_bn_1_PP_1_001	14	100.0	20.0	2
case_13_d_2_bn_1_PP_1_001	15	100.0	21.4285714286	2
case_13_d_2_bn_1_PP_1_001	16	100.0	22.8571428571	2
case_13_d_2_bn_1_PP_1_001	17	100.0	24.2857142857	2
case_13_d_2_bn_1_PP_1_001	18	100.0	25.7142857143	2
case_13_d_2_bn_1_PP_1_001	19	100.0	27.1428571429	2
case_13_d_2_bn_1_PP_1_001	20	100.0	28.5714285714	2
case_13_d_2_bn_1_PP_1_001	21	100.0	30.0	2
case_13_d_2_bn_1_PP_1_001	22	100.0	31.4285714286	2
case_13_d_2_bn_1_PP_1_001	23	100.0	32.8571428571	2
case_13_d_2_bn_1_PP_1_001	24	100.0	34.2857142857	2
case_13_d_2_bn_1_PP_1_001	25	100.0	35.7142857143	2
case_13_d_2_bn_1_PP_1_001	26	100.0	37.1428571429	2
case_13_d_2_bn_1_PP_1_001	27	100.0	38.5714285714	2
case_13_d_2_bn_1_PP_1_001	28	100.0	40.0	2
case_13_d_2_bn_1_PP_1_001	29	100.0	41.4285714286	2
case_13_d_2_bn_1_PP_1_001	30	100.0	42.8571428571	2
case_13_d_2_bn_1_PP_1_001	31	100.0	44.2857142857	2
case_13_d_2_bn_1_PP_1_001	32	100.0	45.7142857143	2
case_13_d_2_bn_1_PP_1_001	33	100.0	47.1428571429	2
case_13_d_2_bn_1_PP_1_001	34	97.0588235294	47.1428571429	2
case_13_d_2_bn_1_PP_1_001	35	97.1428571429	48.5714285714	2
case_13_d_2_bn_1_PP_1_001	36	97.2222222222	50.0	2
case_13_d_2_bn_1_PP_1_001	37	97.2972972973	51.4285714286	2
case_13_d_2_bn_1_PP_1_001	38	97.3684210526	52.8571428571	2
case_13_d_2_bn_1_PP_1_001	39	97.4358974359	54.2857142857	2
case_13_d_2_bn_1_PP_1_001	40	97.5	55.7142857143	2
case_13_d_2_bn_1_PP_1_001	41	97.5609756098	57.1428571429	2
case_13_d_2_bn_1_PP_1_001	42	97.619047619	58.5714285714	2
case_13_d_2_bn_1_PP_1_001	43	97.6744186047	60.0	2
case_13_d_2_bn_1_PP_1_001	44	97.7272727273	61.4285714286	2
case_13_d_2_bn_1_PP_1_001	45	97.7777777778	62.8571428571	2
case_13_d_2_bn_1_PP_1_001	46	97.8260869565	64.2857142857	2
case_13_d_2_bn_1_PP_1_001	47	97.8723404255	65.7142857143	2
case_13_d_2_bn_1_PP_1_001	48	97.9166666667	67.1428571429	2
case_13_d_2_bn_1_PP_1_001	49	97.9591836735	68.5714285714	2
case_13_d_2_bn_1_PP_1_001	50	98.0	70.0	2
case_13_d_2_bn_1_PP_1_001	51	98.0392156863	71.4285714286	2
case_13_d_2_bn_1_PP_1_001	52	98.0769230769	72.8571428571	2
case_13_d_2_bn_1_PP_1_001	53	98.1132075472	74.2857142857	2
case_13_d_2_bn_1_PP_1_001	54	98.1481481481	75.7142857143	2
case_13_d_2_bn_1_PP_1_001	55	98.1818181818	77.1428571429	2
case_13_d_2_bn_1_PP_1_001	56	98.2142857143	78.5714285714	2
case_13_d_2_bn_1_PP_1_001	57	98.2456140351	80.0	2
case_13_d_2_bn_1_PP_1_001	58	98.275862069	81.4285714286	2
case_13_d_2_bn_1_PP_1_001	59	98.3050847458	82.8571428571	2
case_13_d_2_bn_1_PP_1_001	60	98.3333333333	84.2857142857	2
case_13_d_2_bn_1_PP_1_001	61	98.3606557377	85.7142857143	2
case_13_d_2_bn_1_PP_1_001	62	98.3870967742	87.1428571429	2
case_13_d_2_bn_1_PP_1_001	63	98.4126984127	88.5714285714	2
case_13_d_2_bn_1_PP_1_001	64	98.4375	90.0	2
case_13_d_2_bn_1_PP_1_001	65	98.4615384615	91.4285714286	2
case_13_d_2_bn_1_PP_1_001	66	98.4848484848	92.8571428571	2
case_13_d_2_bn_1_PP_1_001	67	98.5074626866	94.2857142857	2
case_13_d_2_bn_1_PP_1_001	68	98.5294117647	95.7142857143	2
case_13_d_2_bn_1_PP_1_001	69	97.1014492754	95.7142857143	2
case_13_d_2_bn_1_PP_1_001	70	95.7142857143	95.7142857143	2
case_15_d_1_bn_1_PP_1_000	1	100.0	1.42857142857	1
case_15_d_1_bn_1_PP_1_000	2	100.0	2.85714285714	1
case_15_d_1_bn_1_PP_1_000	3	100.0	4.28571428571	1
case_15_d_1_bn_1_PP_1_000	4	100.0	5.71428571429	1
case_15_d_1_bn_1_PP_1_000	5	100.0	7.14285714286	1
case_15_d_1_bn_1_PP_1_000	6	100.0	8.57142857143	1
case_15_d_1_bn_1_PP_1_000	7	100.0	10.0	1
case_15_d_1_bn_1_PP_1_000	8	100.0	11.4285714286	1
case_15_d_1_bn_1_PP_1_000	9	100.0	12.8571428571	1
case_15_d_1_bn_1_PP_1_000	10	100.0	14.2857142857	1
case_15_d_1_bn_1_PP_1_000	11	100.0	15.7142857143	1
case_15_d_1_bn_1_PP_1_000	12	100.0	17.1428571429	1
case_15_d_1_bn_1_PP_1_000	13	100.0	18.5714285714	1
case_15_d_1_bn_1_PP_1_000	14	100.0	20.0	1
case_15_d_1_bn_1_PP_1_000	15	100.0	21.4285714286	1
case_15_d_1_bn_1_PP_1_000	16	100.0	22.8571428571	1
case_15_d_1_bn_1_PP_1_000	17	100.0	24.2857142857	1
case_15_d_1_bn_1_PP_1_000	18	100.0	25.7142857143	1
case_15_d_1_bn_1_PP_1_000	19	100.0	27.1428571429	1
case_15_d_1_bn_1_PP_1_000	20	100.0	28.5714285714	1
case_15_d_1_bn_1_PP_1_000	21	100.0	30.0	1
case_15_d_1_bn_1_PP_1_000	22	100.0	31.4285714286	1
case_15_d_1_bn_1_PP_1_000	23	100.0	32.8571428571	1
case_15_d_1_bn_1_PP_1_000	24	100.0	34.2857142857	1
case_15_d_1_bn_1_PP_1_000	25	100.0	35.7142857143	1
case_15_d_1_bn_1_PP_1_000	26	100.0	37.1428571429	1
case_15_d_1_bn_1_PP_1_000	27	100.0	38.5714285714	1
case_15_d_1_bn_1_PP_1_000	28	100.0	40.0	1
case_15_d_1_bn_1_PP_1_000	29	100.0	41.4285714286	1
case_15_d_1_bn_1_PP_1_000	30	100.0	42.8571428571	1
case_15_d_1_bn_1_PP_1_000	31	100.0	44.2857142857	1
case_15_d_1_bn_1_PP_1_000	32	100.0	45.7142857143	1
case_15_d_1_bn_1_PP_1_000	33	100.0	47.1428571429	1
case_15_d_1_bn_1_PP_1_000	34	100.0	48.5714285714	1
case_15_d_1_bn_1_PP_1_000	35	100.0	50.0	1
case_15_d_1_bn_1_PP_1_000	36	100.0	51.4285714286	1
case_15_d_1_bn_1_PP_1_000	37	100.0	52.8571428571	1
case_15_d_1_bn_1_PP_1_000	38	100.0	54.2857142857	1
case_15_d_1_bn_1_PP_1_000	39	100.0	55.7142857143	1
case_15_d_1_bn_1_PP_1_000	40	100.0	57.1428571429	1
case_15_d_1_bn_1_PP_1_000	41	100.0	58.5714285714	1
case_15_d_1_bn_1_PP_1_000	42	100.0	60.0	1
case_15_d_1_bn_1_PP_1_000	43	100.0	61.4285714286	1
case_15_d_1_bn_1_PP_1_000	44	100.0	62.8571428571	1
case_15_d_1_bn_1_PP_1_000	45	100.0	64.2857142857	1
case_15_d_1_bn_1_PP_1_000	46	100.0	65.7142857143	1
case_15_d_1_bn_1_PP_1_000	47	100.0	67.1428571429	1
case_15_d_1_bn_1_PP_1_000	48	100.0	68.5714285714	1
case_15_d_1_bn_1_PP_1_000	49	100.0	70.0	1
case_15_d_1_bn_1_PP_1_000	50	100.0	71.4285714286	1
case_15_d_1_bn_1_PP_1_000	51	100.0	72.8571428571	1
case_15_d_1_bn_1_PP_1_000	52	100.0	74.2857142857	1
case_15_d_1_bn_1_PP_1_000	53	100.0	75.7142857143	1
case_15_d_1_bn_1_PP_1_000	54	100.0	77.1428571429	1
case_15_d_1_bn_1_PP_1_000	55	100.0	78.5714285714	1
case_15_d_1_bn_1_PP_1_000	56	100.0	80.0	1
case_15_d_1_bn_1_PP_1_000	57	100.0	81.4285714286	1
case_15_d_1_bn_1_PP_1_000	58	100.0	82.8571428571	1
case_15_d_1_bn_1_PP_1_000	59	100.0	84.2857142857	1
case_15_d_1_bn_1_PP_1_000	60	100.0	85.7142857143	1
case_15_d_1_bn_1_PP_1_000	61	100.0	87.1428571429	1
case_15_d_1_bn_1_PP_1_000	62	98.3870967742	87.1428571429	1
case_15_d_1_bn_1_PP_1_000	63	98.4126984127	88.5714285714	1
case_15_d_1_bn_1_PP_1_000	64	98.4375	90.0	1
case_15_d_1_bn_1_PP_1_000	65	98.4615384615	91.4285714286	1
case_15_d_1_bn_1_PP_1_000	66	98.4848484848	92.8571428571	1
case_15_d_1_bn_1_PP_1_000	67	98.5074626866	94.2857142857	1
case_15_d_1_bn_1_PP_1_000	68	97.0588235294	94.2857142857	1
case_15_d_1_bn_1_PP_1_000	69	95.652173913	94.2857142857	1
case_15_d_1_bn_1_PP_1_000	70	94.2857142857	94.2857142857	1
case_15_d_2_bn_1_PP_1_000	1	100.0	1.42857142857	2
case_15_d_2_bn_1_PP_1_000	2	100.0	2.85714285714	2
case_15_d_2_bn_1_PP_1_000	3	100.0	4.28571428571	2
case_15_d_2_bn_1_PP_1_000	4	100.0	5.71428571429	2
case_15_d_2_bn_1_PP_1_000	5	100.0	7.14285714286	2
case_15_d_2_bn_1_PP_1_000	6	100.0	8.57142857143	2
case_15_d_2_bn_1_PP_1_000	7	100.0	10.0	2
case_15_d_2_bn_1_PP_1_000	8	100.0	11.4285714286	2
case_15_d_2_bn_1_PP_1_000	9	100.0	12.8571428571	2
case_15_d_2_bn_1_PP_1_000	10	100.0	14.2857142857	2
case_15_d_2_bn_1_PP_1_000	11	100.0	15.7142857143	2
case_15_d_2_bn_1_PP_1_000	12	100.0	17.1428571429	2
case_15_d_2_bn_1_PP_1_000	13	100.0	18.5714285714	2
case_15_d_2_bn_1_PP_1_000	14	100.0	20.0	2
case_15_d_2_bn_1_PP_1_000	15	100.0	21.4285714286	2
case_15_d_2_bn_1_PP_1_000	16	100.0	22.8571428571	2
case_15_d_2_bn_1_PP_1_000	17	100.0	24.2857142857	2
case_15_d_2_bn_1_PP_1_000	18	100.0	25.7142857143	2
case_15_d_2_bn_1_PP_1_000	19	100.0	27.1428571429	2
case_15_d_2_bn_1_PP_1_000	20	100.0	28.5714285714	2
case_15_d_2_bn_1_PP_1_000	21	100.0	30.0	2
case_15_d_2_bn_1_PP_1_000	22	100.0	31.4285714286	2
case_15_d_2_bn_1_PP_1_000	23	100.0	32.8571428571	2
case_15_d_2_bn_1_PP_1_000	24	100.0	34.2857142857	2
case_15_d_2_bn_1_PP_1_000	25	100.0	35.7142857143	2
case_15_d_2_bn_1_PP_1_000	26	100.0	37.1428571429	2
case_15_d_2_bn_1_PP_1_000	27	100.0	38.5714285714	2
case_15_d_2_bn_1_PP_1_000	28	100.0	40.0	2
case_15_d_2_bn_1_PP_1_000	29	100.0	41.4285714286	2
case_15_d_2_bn_1_PP_1_000	30	100.0	42.8571428571	2
case_15_d_2_bn_1_PP_1_000	31	100.0	44.2857142857	2
case_15_d_2_bn_1_PP_1_000	32	100.0	45.7142857143	2
case_15_d_2_bn_1_PP_1_000	33	100.0	47.1428571429	2
case_15_d_2_bn_1_PP_1_000	34	100.0	48.5714285714	2
case_15_d_2_bn_1_PP_1_000	35	97.1428571429	48.5714285714	2
case_15_d_2_bn_1_PP_1_000	36	97.2222222222	50.0	2
case_15_d_2_bn_1_PP_1_000	37	97.2972972973	51.4285714286	2
case_15_d_2_bn_1_PP_1_000	38	97.3684210526	52.8571428571	2
case_15_d_2_bn_1_PP_1_000	39	97.4358974359	54.2857142857	2
case_15_d_2_bn_1_PP_1_000	40	97.5	55.7142857143	2
case_15_d_2_bn_1_PP_1_000	41	97.5609756098	57.1428571429	2
case_15_d_2_bn_1_PP_1_000	42	97.619047619	58.5714285714	2
case_15_d_2_bn_1_PP_1_000	43	97.6744186047	60.0	2
case_15_d_2_bn_1_PP_1_000	44	97.7272727273	61.4285714286	2
case_15_d_2_bn_1_PP_1_000	45	97.7777777778	62.8571428571	2
case_15_d_2_bn_1_PP_1_000	46	97.8260869565	64.2857142857	2
case_15_d_2_bn_1_PP_1_000	47	97.8723404255	65.7142857143	2
case_15_d_2_bn_1_PP_1_000	48	97.9166666667	67.1428571429	2
case_15_d_2_bn_1_PP_1_000	49	97.9591836735	68.5714285714	2
case_15_d_2_bn_1_PP_1_000	50	98.0	70.0	2
case_15_d_2_bn_1_PP_1_000	51	98.0392156863	71.4285714286	2
case_15_d_2_bn_1_PP_1_000	52	98.0769230769	72.8571428571	2
case_15_d_2_bn_1_PP_1_000	53	98.1132075472	74.2857142857	2
case_15_d_2_bn_1_PP_1_000	54	96.2962962963	74.2857142857	2
case_15_d_2_bn_1_PP_1_000	55	96.3636363636	75.7142857143	2
case_15_d_2_bn_1_PP_1_000	56	96.4285714286	77.1428571429	2
case_15_d_2_bn_1_PP_1_000	57	96.4912280702	78.5714285714	2
case_15_d_2_bn_1_PP_1_000	58	96.5517241379	80.0	2
case_15_d_2_bn_1_PP_1_000	59	96.6101694915	81.4285714286	2
case_15_d_2_bn_1_PP_1_000	60	96.6666666667	82.8571428571	2
case_15_d_2_bn_1_PP_1_000	61	96.7213114754	84.2857142857	2
case_15_d_2_bn_1_PP_1_000	62	96.7741935484	85.7142857143	2
case_15_d_2_bn_1_PP_1_000	63	96.8253968254	87.1428571429	2
case_15_d_2_bn_1_PP_1_000	64	95.3125	87.1428571429	2
case_15_d_2_bn_1_PP_1_000	65	95.3846153846	88.5714285714	2
case_15_d_2_bn_1_PP_1_000	66	93.9393939394	88.5714285714	2
case_15_d_2_bn_1_PP_1_000	67	92.5373134328	88.5714285714	2
case_15_d_2_bn_1_PP_1_000	68	92.6470588235	90.0	2
case_15_d_2_bn_1_PP_1_000	69	92.7536231884	91.4285714286	2
case_15_d_2_bn_1_PP_1_000	70	92.8571428571	92.8571428571	2
case_17_d_1_bn_1_PP_1_010	1	100.0	1.42857142857	1
case_17_d_1_bn_1_PP_1_010	2	100.0	2.85714285714	1
case_17_d_1_bn_1_PP_1_010	3	100.0	4.28571428571	1
case_17_d_1_bn_1_PP_1_010	4	100.0	5.71428571429	1
case_17_d_1_bn_1_PP_1_010	5	100.0	7.14285714286	1
case_17_d_1_bn_1_PP_1_010	6	100.0	8.57142857143	1
case_17_d_1_bn_1_PP_1_010	7	100.0	10.0	1
case_17_d_1_bn_1_PP_1_010	8	100.0	11.4285714286	1
case_17_d_1_bn_1_PP_1_010	9	100.0	12.8571428571	1
case_17_d_1_bn_1_PP_1_010	10	100.0	14.2857142857	1
case_17_d_1_bn_1_PP_1_010	11	100.0	15.7142857143	1
case_17_d_1_bn_1_PP_1_010	12	100.0	17.1428571429	1
case_17_d_1_bn_1_PP_1_010	13	100.0	18.5714285714	1
case_17_d_1_bn_1_PP_1_010	14	100.0	20.0	1
case_17_d_1_bn_1_PP_1_010	15	100.0	21.4285714286	1
case_17_d_1_bn_1_PP_1_010	16	100.0	22.8571428571	1
case_17_d_1_bn_1_PP_1_010	17	100.0	24.2857142857	1
case_17_d_1_bn_1_PP_1_010	18	100.0	25.7142857143	1
case_17_d_1_bn_1_PP_1_010	19	100.0	27.1428571429	1
case_17_d_1_bn_1_PP_1_010	20	100.0	28.5714285714	1
case_17_d_1_bn_1_PP_1_010	21	100.0	30.0	1
case_17_d_1_bn_1_PP_1_010	22	100.0	31.4285714286	1
case_17_d_1_bn_1_PP_1_010	23	100.0	32.8571428571	1
case_17_d_1_bn_1_PP_1_010	24	100.0	34.2857142857	1
case_17_d_1_bn_1_PP_1_010	25	100.0	35.7142857143	1
case_17_d_1_bn_1_PP_1_010	26	100.0	37.1428571429	1
case_17_d_1_bn_1_PP_1_010	27	100.0	38.5714285714	1
case_17_d_1_bn_1_PP_1_010	28	100.0	40.0	1
case_17_d_1_bn_1_PP_1_010	29	100.0	41.4285714286	1
case_17_d_1_bn_1_PP_1_010	30	100.0	42.8571428571	1
case_17_d_1_bn_1_PP_1_010	31	100.0	44.2857142857	1
case_17_d_1_bn_1_PP_1_010	32	100.0	45.7142857143	1
case_17_d_1_bn_1_PP_1_010	33	100.0	47.1428571429	1
case_17_d_1_bn_1_PP_1_010	34	100.0	48.5714285714	1
case_17_d_1_bn_1_PP_1_010	35	100.0	50.0	1
case_17_d_1_bn_1_PP_1_010	36	100.0	51.4285714286	1
case_17_d_1_bn_1_PP_1_010	37	100.0	52.8571428571	1
case_17_d_1_bn_1_PP_1_010	38	100.0	54.2857142857	1
case_17_d_1_bn_1_PP_1_010	39	100.0	55.7142857143	1
case_17_d_1_bn_1_PP_1_010	40	100.0	57.1428571429	1
case_17_d_1_bn_1_PP_1_010	41	100.0	58.5714285714	1
case_17_d_1_bn_1_PP_1_010	42	100.0	60.0	1
case_17_d_1_bn_1_PP_1_010	43	100.0	61.4285714286	1
case_17_d_1_bn_1_PP_1_010	44	100.0	62.8571428571	1
case_17_d_1_bn_1_PP_1_010	45	97.7777777778	62.8571428571	1
case_17_d_1_bn_1_PP_1_010	46	97.8260869565	64.2857142857	1
case_17_d_1_bn_1_PP_1_010	47	97.8723404255	65.7142857143	1
case_17_d_1_bn_1_PP_1_010	48	97.9166666667	67.1428571429	1
case_17_d_1_bn_1_PP_1_010	49	97.9591836735	68.5714285714	1
case_17_d_1_bn_1_PP_1_010	50	98.0	70.0	1
case_17_d_1_bn_1_PP_1_010	51	98.0392156863	71.4285714286	1
case_17_d_1_bn_1_PP_1_010	52	98.0769230769	72.8571428571	1
case_17_d_1_bn_1_PP_1_010	53	98.1132075472	74.2857142857	1
case_17_d_1_bn_1_PP_1_010	54	98.1481481481	75.7142857143	1
case_17_d_1_bn_1_PP_1_010	55	98.1818181818	77.1428571429	1
case_17_d_1_bn_1_PP_1_010	56	98.2142857143	78.5714285714	1
case_17_d_1_bn_1_PP_1_010	57	98.2456140351	80.0	1
case_17_d_1_bn_1_PP_1_010	58	98.275862069	81.4285714286	1
case_17_d_1_bn_1_PP_1_010	59	98.3050847458	82.8571428571	1
case_17_d_1_bn_1_PP_1_010	60	98.3333333333	84.2857142857	1
case_17_d_1_bn_1_PP_1_010	61	98.3606557377	85.7142857143	1
case_17_d_1_bn_1_PP_1_010	62	96.7741935484	85.7142857143	1
case_17_d_1_bn_1_PP_1_010	63	96.8253968254	87.1428571429	1
case_17_d_1_bn_1_PP_1_010	64	95.3125	87.1428571429	1
case_17_d_1_bn_1_PP_1_010	65	93.8461538462	87.1428571429	1
case_17_d_1_bn_1_PP_1_010	66	93.9393939394	88.5714285714	1
case_17_d_1_bn_1_PP_1_010	67	94.0298507463	90.0	1
case_17_d_1_bn_1_PP_1_010	68	94.1176470588	91.4285714286	1
case_17_d_1_bn_1_PP_1_010	69	94.2028985507	92.8571428571	1
case_17_d_1_bn_1_PP_1_010	70	94.2857142857	94.2857142857	1
case_17_d_2_bn_1_PP_1_010	1	100.0	1.42857142857	2
case_17_d_2_bn_1_PP_1_010	2	100.0	2.85714285714	2
case_17_d_2_bn_1_PP_1_010	3	100.0	4.28571428571	2
case_17_d_2_bn_1_PP_1_010	4	100.0	5.71428571429	2
case_17_d_2_bn_1_PP_1_010	5	100.0	7.14285714286	2
case_17_d_2_bn_1_PP_1_010	6	100.0	8.57142857143	2
case_17_d_2_bn_1_PP_1_010	7	100.0	10.0	2
case_17_d_2_bn_1_PP_1_010	8	100.0	11.4285714286	2
case_17_d_2_bn_1_PP_1_010	9	100.0	12.8571428571	2
case_17_d_2_bn_1_PP_1_010	10	100.0	14.2857142857	2
case_17_d_2_bn_1_PP_1_010	11	100.0	15.7142857143	2
case_17_d_2_bn_1_PP_1_010	12	100.0	17.1428571429	2
case_17_d_2_bn_1_PP_1_010	13	100.0	18.5714285714	2
case_17_d_2_bn_1_PP_1_010	14	100.0	20.0	2
case_17_d_2_bn_1_PP_1_010	15	100.0	21.4285714286	2
case_17_d_2_bn_1_PP_1_010	16	100.0	22.8571428571	2
case_17_d_2_bn_1_PP_1_010	17	100.0	24.2857142857	2
case_17_d_2_bn_1_PP_1_010	18	100.0	25.7142857143	2
case_17_d_2_bn_1_PP_1_010	19	100.0	27.1428571429	2
case_17_d_2_bn_1_PP_1_010	20	100.0	28.5714285714	2
case_17_d_2_bn_1_PP_1_010	21	100.0	30.0	2
case_17_d_2_bn_1_PP_1_010	22	100.0	31.4285714286	2
case_17_d_2_bn_1_PP_1_010	23	100.0	32.8571428571	2
case_17_d_2_bn_1_PP_1_010	24	100.0	34.2857142857	2
case_17_d_2_bn_1_PP_1_010	25	100.0	35.7142857143	2
case_17_d_2_bn_1_PP_1_010	26	100.0	37.1428571429	2
case_17_d_2_bn_1_PP_1_010	27	100.0	38.5714285714	2
case_17_d_2_bn_1_PP_1_010	28	100.0	40.0	2
case_17_d_2_bn_1_PP_1_010	29	100.0	41.4285714286	2
case_17_d_2_bn_1_PP_1_010	30	100.0	42.8571428571	2
case_17_d_2_bn_1_PP_1_010	31	96.7741935484	42.8571428571	2
case_17_d_2_bn_1_PP_1_010	32	96.875	44.2857142857	2
case_17_d_2_bn_1_PP_1_010	33	96.9696969697	45.7142857143	2
case_17_d_2_bn_1_PP_1_010	34	97.0588235294	47.1428571429	2
case_17_d_2_bn_1_PP_1_010	35	97.1428571429	48.5714285714	2
case_17_d_2_bn_1_PP_1_010	36	97.2222222222	50.0	2
case_17_d_2_bn_1_PP_1_010	37	97.2972972973	51.4285714286	2
case_17_d_2_bn_1_PP_1_010	38	97.3684210526	52.8571428571	2
case_17_d_2_bn_1_PP_1_010	39	97.4358974359	54.2857142857	2
case_17_d_2_bn_1_PP_1_010	40	97.5	55.7142857143	2
case_17_d_2_bn_1_PP_1_010	41	97.5609756098	57.1428571429	2
case_17_d_2_bn_1_PP_1_010	42	97.619047619	58.5714285714	2
case_17_d_2_bn_1_PP_1_010	43	97.6744186047	60.0	2
case_17_d_2_bn_1_PP_1_010	44	97.7272727273	61.4285714286	2
case_17_d_2_bn_1_PP_1_010	45	97.7777777778	62.8571428571	2
case_17_d_2_bn_1_PP_1_010	46	97.8260869565	64.2857142857	2
case_17_d_2_bn_1_PP_1_010	47	97.8723404255	65.7142857143	2
case_17_d_2_bn_1_PP_1_010	48	97.9166666667	67.1428571429	2
case_17_d_2_bn_1_PP_1_010	49	97.9591836735	68.5714285714	2
case_17_d_2_bn_1_PP_1_010	50	98.0	70.0	2
case_17_d_2_bn_1_PP_1_010	51	98.0392156863	71.4285714286	2
case_17_d_2_bn_1_PP_1_010	52	98.0769230769	72.8571428571	2
case_17_d_2_bn_1_PP_1_010	53	98.1132075472	74.2857142857	2
case_17_d_2_bn_1_PP_1_010	54	98.1481481481	75.7142857143	2
case_17_d_2_bn_1_PP_1_010	55	98.1818181818	77.1428571429	2
case_17_d_2_bn_1_PP_1_010	56	98.2142857143	78.5714285714	2
case_17_d_2_bn_1_PP_1_010	57	98.2456140351	80.0	2
case_17_d_2_bn_1_PP_1_010	58	98.275862069	81.4285714286	2
case_17_d_2_bn_1_PP_1_010	59	98.3050847458	82.8571428571	2
case_17_d_2_bn_1_PP_1_010	60	98.3333333333	84.2857142857	2
case_17_d_2_bn_1_PP_1_010	61	98.3606557377	85.7142857143	2
case_17_d_2_bn_1_PP_1_010	62	98.3870967742	87.1428571429	2
case_17_d_2_bn_1_PP_1_010	63	98.4126984127	88.5714285714	2
case_17_d_2_bn_1_PP_1_010	64	98.4375	90.0	2
case_17_d_2_bn_1_PP_1_010	65	98.4615384615	91.4285714286	2
case_17_d_2_bn_1_PP_1_010	66	96.9696969697	91.4285714286	2
case_17_d_2_bn_1_PP_1_010	67	97.0149253731	92.8571428571	2
case_17_d_2_bn_1_PP_1_010	68	95.5882352941	92.8571428571	2
case_17_d_2_bn_1_PP_1_010	69	94.2028985507	92.8571428571	2
case_17_d_2_bn_1_PP_1_010	70	94.2857142857	94.2857142857	2
case_7_d_1_bn_1_PP_1_000	70	0.0	0.0	1
case_7_d_2_bn_1_PP_1_000	1	100.0	1.42857142857	2
case_7_d_2_bn_1_PP_1_000	2	100.0	2.85714285714	2
case_7_d_2_bn_1_PP_1_000	3	100.0	4.28571428571	2
case_7_d_2_bn_1_PP_1_000	4	100.0	5.71428571429	2
case_7_d_2_bn_1_PP_1_000	5	100.0	7.14285714286	2
case_7_d_2_bn_1_PP_1_000	6	100.0	8.57142857143	2
case_7_d_2_bn_1_PP_1_000	7	100.0	10.0	2
case_7_d_2_bn_1_PP_1_000	8	100.0	11.4285714286	2
case_7_d_2_bn_1_PP_1_000	9	100.0	12.8571428571	2
case_7_d_2_bn_1_PP_1_000	10	100.0	14.2857142857	2
case_7_d_2_bn_1_PP_1_000	11	100.0	15.7142857143	2
case_7_d_2_bn_1_PP_1_000	12	100.0	17.1428571429	2
case_7_d_2_bn_1_PP_1_000	13	100.0	18.5714285714	2
case_7_d_2_bn_1_PP_1_000	14	100.0	20.0	2
case_7_d_2_bn_1_PP_1_000	15	100.0	21.4285714286	2
case_7_d_2_bn_1_PP_1_000	16	100.0	22.8571428571	2
case_7_d_2_bn_1_PP_1_000	17	100.0	24.2857142857	2
case_7_d_2_bn_1_PP_1_000	18	100.0	25.7142857143	2
case_7_d_2_bn_1_PP_1_000	19	100.0	27.1428571429	2
case_7_d_2_bn_1_PP_1_000	20	100.0	28.5714285714	2
case_7_d_2_bn_1_PP_1_000	21	100.0	30.0	2
case_7_d_2_bn_1_PP_1_000	22	100.0	31.4285714286	2
case_7_d_2_bn_1_PP_1_000	23	100.0	32.8571428571	2
case_7_d_2_bn_1_PP_1_000	24	100.0	34.2857142857	2
case_7_d_2_bn_1_PP_1_000	25	100.0	35.7142857143	2
case_7_d_2_bn_1_PP_1_000	26	100.0	37.1428571429	2
case_7_d_2_bn_1_PP_1_000	27	100.0	38.5714285714	2
case_7_d_2_bn_1_PP_1_000	28	100.0	40.0	2
case_7_d_2_bn_1_PP_1_000	29	100.0	41.4285714286	2
case_7_d_2_bn_1_PP_1_000	30	100.0	42.8571428571	2
case_7_d_2_bn_1_PP_1_000	31	100.0	44.2857142857	2
case_7_d_2_bn_1_PP_1_000	32	100.0	45.7142857143	2
case_7_d_2_bn_1_PP_1_000	33	100.0	47.1428571429	2
case_7_d_2_bn_1_PP_1_000	34	100.0	48.5714285714	2
case_7_d_2_bn_1_PP_1_000	35	100.0	50.0	2
case_7_d_2_bn_1_PP_1_000	36	100.0	51.4285714286	2
case_7_d_2_bn_1_PP_1_000	37	100.0	52.8571428571	2
case_7_d_2_bn_1_PP_1_000	38	100.0	54.2857142857	2
case_7_d_2_bn_1_PP_1_000	39	100.0	55.7142857143	2
case_7_d_2_bn_1_PP_1_000	40	100.0	57.1428571429	2
case_7_d_2_bn_1_PP_1_000	41	100.0	58.5714285714	2
case_7_d_2_bn_1_PP_1_000	42	100.0	60.0	2
case_7_d_2_bn_1_PP_1_000	43	100.0	61.4285714286	2
case_7_d_2_bn_1_PP_1_000	44	100.0	62.8571428571	2
case_7_d_2_bn_1_PP_1_000	45	100.0	64.2857142857	2
case_7_d_2_bn_1_PP_1_000	46	100.0	65.7142857143	2
case_7_d_2_bn_1_PP_1_000	47	100.0	67.1428571429	2
case_7_d_2_bn_1_PP_1_000	48	100.0	68.5714285714	2
case_7_d_2_bn_1_PP_1_000	49	100.0	70.0	2
case_7_d_2_bn_1_PP_1_000	50	100.0	71.4285714286	2
case_7_d_2_bn_1_PP_1_000	51	100.0	72.8571428571	2
case_7_d_2_bn_1_PP_1_000	52	100.0	74.2857142857	2
case_7_d_2_bn_1_PP_1_000	53	100.0	75.7142857143	2
case_7_d_2_bn_1_PP_1_000	54	100.0	77.1428571429	2
case_7_d_2_bn_1_PP_1_000	55	100.0	78.5714285714	2
case_7_d_2_bn_1_PP_1_000	56	100.0	80.0	2
case_7_d_2_bn_1_PP_1_000	57	100.0	81.4285714286	2
case_7_d_2_bn_1_PP_1_000	58	100.0	82.8571428571	2
case_7_d_2_bn_1_PP_1_000	59	100.0	84.2857142857	2
case_7_d_2_bn_1_PP_1_000	60	100.0	85.7142857143	2
case_7_d_2_bn_1_PP_1_000	61	100.0	87.1428571429	2
case_7_d_2_bn_1_PP_1_000	62	100.0	88.5714285714	2
case_7_d_2_bn_1_PP_1_000	63	100.0	90.0	2
case_7_d_2_bn_1_PP_1_000	64	100.0	91.4285714286	2
case_7_d_2_bn_1_PP_1_000	65	100.0	92.8571428571	2
case_7_d_2_bn_1_PP_1_000	66	100.0	94.2857142857	2
case_7_d_2_bn_1_PP_1_000	67	100.0	95.7142857143	2
case_7_d_2_bn_1_PP_1_000	68	100.0	97.1428571429	2
case_7_d_2_bn_1_PP_1_000	69	100.0	98.5714285714	2
case_7_d_2_bn_1_PP_1_000	70	98.5714285714	98.5714285714	2
case_9_d_1_bn_1_PP_1_000	1	100.0	1.42857142857	1
case_9_d_1_bn_1_PP_1_000	2	100.0	2.85714285714	1
case_9_d_1_bn_1_PP_1_000	3	100.0	4.28571428571	1
case_9_d_1_bn_1_PP_1_000	4	100.0	5.71428571429	1
case_9_d_1_bn_1_PP_1_000	5	100.0	7.14285714286	1
case_9_d_1_bn_1_PP_1_000	6	100.0	8.57142857143	1
case_9_d_1_bn_1_PP_1_000	7	100.0	10.0	1
case_9_d_1_bn_1_PP_1_000	8	100.0	11.4285714286	1
case_9_d_1_bn_1_PP_1_000	9	100.0	12.8571428571	1
case_9_d_1_bn_1_PP_1_000	10	100.0	14.2857142857	1
case_9_d_1_bn_1_PP_1_000	11	100.0	15.7142857143	1
case_9_d_1_bn_1_PP_1_000	12	100.0	17.1428571429	1
case_9_d_1_bn_1_PP_1_000	13	100.0	18.5714285714	1
case_9_d_1_bn_1_PP_1_000	14	100.0	20.0	1
case_9_d_1_bn_1_PP_1_000	15	100.0	21.4285714286	1
case_9_d_1_bn_1_PP_1_000	16	100.0	22.8571428571	1
case_9_d_1_bn_1_PP_1_000	17	100.0	24.2857142857	1
case_9_d_1_bn_1_PP_1_000	18	100.0	25.7142857143	1
case_9_d_1_bn_1_PP_1_000	19	100.0	27.1428571429	1
case_9_d_1_bn_1_PP_1_000	20	100.0	28.5714285714	1
case_9_d_1_bn_1_PP_1_000	21	100.0	30.0	1
case_9_d_1_bn_1_PP_1_000	22	100.0	31.4285714286	1
case_9_d_1_bn_1_PP_1_000	23	100.0	32.8571428571	1
case_9_d_1_bn_1_PP_1_000	24	100.0	34.2857142857	1
case_9_d_1_bn_1_PP_1_000	25	100.0	35.7142857143	1
case_9_d_1_bn_1_PP_1_000	26	100.0	37.1428571429	1
case_9_d_1_bn_1_PP_1_000	27	100.0	38.5714285714	1
case_9_d_1_bn_1_PP_1_000	28	100.0	40.0	1
case_9_d_1_bn_1_PP_1_000	29	100.0	41.4285714286	1
case_9_d_1_bn_1_PP_1_000	30	100.0	42.8571428571	1
case_9_d_1_bn_1_PP_1_000	31	100.0	44.2857142857	1
case_9_d_1_bn_1_PP_1_000	32	100.0	45.7142857143	1
case_9_d_1_bn_1_PP_1_000	33	100.0	47.1428571429	1
case_9_d_1_bn_1_PP_1_000	34	100.0	48.5714285714	1
case_9_d_1_bn_1_PP_1_000	35	100.0	50.0	1
case_9_d_1_bn_1_PP_1_000	36	100.0	51.4285714286	1
case_9_d_1_bn_1_PP_1_000	37	100.0	52.8571428571	1
case_9_d_1_bn_1_PP_1_000	38	100.0	54.2857142857	1
case_9_d_1_bn_1_PP_1_000	39	100.0	55.7142857143	1
case_9_d_1_bn_1_PP_1_000	40	100.0	57.1428571429	1
case_9_d_1_bn_1_PP_1_000	41	100.0	58.5714285714	1
case_9_d_1_bn_1_PP_1_000	42	97.619047619	58.5714285714	1
case_9_d_1_bn_1_PP_1_000	43	97.6744186047	60.0	1
case_9_d_1_bn_1_PP_1_000	44	97.7272727273	61.4285714286	1
case_9_d_1_bn_1_PP_1_000	45	97.7777777778	62.8571428571	1
case_9_d_1_bn_1_PP_1_000	46	97.8260869565	64.2857142857	1
case_9_d_1_bn_1_PP_1_000	47	95.7446808511	64.2857142857	1
case_9_d_1_bn_1_PP_1_000	48	95.8333333333	65.7142857143	1
case_9_d_1_bn_1_PP_1_000	49	95.9183673469	67.1428571429	1
case_9_d_1_bn_1_PP_1_000	50	96.0	68.5714285714	1
case_9_d_1_bn_1_PP_1_000	51	96.0784313725	70.0	1
case_9_d_1_bn_1_PP_1_000	52	96.1538461538	71.4285714286	1
case_9_d_1_bn_1_PP_1_000	53	96.2264150943	72.8571428571	1
case_9_d_1_bn_1_PP_1_000	54	96.2962962963	74.2857142857	1
case_9_d_1_bn_1_PP_1_000	55	96.3636363636	75.7142857143	1
case_9_d_1_bn_1_PP_1_000	56	96.4285714286	77.1428571429	1
case_9_d_1_bn_1_PP_1_000	57	96.4912280702	78.5714285714	1
case_9_d_1_bn_1_PP_1_000	58	96.5517241379	80.0	1
case_9_d_1_bn_1_PP_1_000	59	94.9152542373	80.0	1
case_9_d_1_bn_1_PP_1_000	60	95.0	81.4285714286	1
case_9_d_1_bn_1_PP_1_000	61	95.0819672131	82.8571428571	1
case_9_d_1_bn_1_PP_1_000	62	95.1612903226	84.2857142857	1
case_9_d_1_bn_1_PP_1_000	63	93.6507936508	84.2857142857	1
case_9_d_1_bn_1_PP_1_000	64	93.75	85.7142857143	1
case_9_d_1_bn_1_PP_1_000	65	93.8461538462	87.1428571429	1
case_9_d_1_bn_1_PP_1_000	66	93.9393939394	88.5714285714	1
case_9_d_1_bn_1_PP_1_000	67	92.5373134328	88.5714285714	1
case_9_d_1_bn_1_PP_1_000	68	92.6470588235	90.0	1
case_9_d_1_bn_1_PP_1_000	69	92.7536231884	91.4285714286	1
case_9_d_1_bn_1_PP_1_000	70	91.4285714286	91.4285714286	1
case_9_d_2_bn_1_PP_1_000	1	100.0	1.42857142857	2
case_9_d_2_bn_1_PP_1_000	2	100.0	2.85714285714	2
case_9_d_2_bn_1_PP_1_000	3	100.0	4.28571428571	2
case_9_d_2_bn_1_PP_1_000	4	100.0	5.71428571429	2
case_9_d_2_bn_1_PP_1_000	5	100.0	7.14285714286	2
case_9_d_2_bn_1_PP_1_000	6	100.0	8.57142857143	2
case_9_d_2_bn_1_PP_1_000	7	100.0	10.0	2
case_9_d_2_bn_1_PP_1_000	8	100.0	11.4285714286	2
case_9_d_2_bn_1_PP_1_000	9	100.0	12.8571428571	2
case_9_d_2_bn_1_PP_1_000	10	100.0	14.2857142857	2
case_9_d_2_bn_1_PP_1_000	11	100.0	15.7142857143	2
case_9_d_2_bn_1_PP_1_000	12	100.0	17.1428571429	2
case_9_d_2_bn_1_PP_1_000	13	100.0	18.5714285714	2
case_9_d_2_bn_1_PP_1_000	14	100.0	20.0	2
case_9_d_2_bn_1_PP_1_000	15	100.0	21.4285714286	2
case_9_d_2_bn_1_PP_1_000	16	100.0	22.8571428571	2
case_9_d_2_bn_1_PP_1_000	17	100.0	24.2857142857	2
case_9_d_2_bn_1_PP_1_000	18	100.0	25.7142857143	2
case_9_d_2_bn_1_PP_1_000	19	100.0	27.1428571429	2
case_9_d_2_bn_1_PP_1_000	20	100.0	28.5714285714	2
case_9_d_2_bn_1_PP_1_000	21	100.0	30.0	2
case_9_d_2_bn_1_PP_1_000	22	100.0	31.4285714286	2
case_9_d_2_bn_1_PP_1_000	23	100.0	32.8571428571	2
case_9_d_2_bn_1_PP_1_000	24	100.0	34.2857142857	2
case_9_d_2_bn_1_PP_1_000	25	100.0	35.7142857143	2
case_9_d_2_bn_1_PP_1_000	26	100.0	37.1428571429	2
case_9_d_2_bn_1_PP_1_000	27	100.0	38.5714285714	2
case_9_d_2_bn_1_PP_1_000	28	100.0	40.0	2
case_9_d_2_bn_1_PP_1_000	29	100.0	41.4285714286	2
case_9_d_2_bn_1_PP_1_000	30	100.0	42.8571428571	2
case_9_d_2_bn_1_PP_1_000	31	100.0	44.2857142857	2
case_9_d_2_bn_1_PP_1_000	32	100.0	45.7142857143	2
case_9_d_2_bn_1_PP_1_000	33	100.0	47.1428571429	2
case_9_d_2_bn_1_PP_1_000	34	100.0	48.5714285714	2
case_9_d_2_bn_1_PP_1_000	35	100.0	50.0	2
case_9_d_2_bn_1_PP_1_000	36	100.0	51.4285714286	2
case_9_d_2_bn_1_PP_1_000	37	100.0	52.8571428571	2
case_9_d_2_bn_1_PP_1_000	38	100.0	54.2857142857	2
case_9_d_2_bn_1_PP_1_000	39	100.0	55.7142857143	2
case_9_d_2_bn_1_PP_1_000	40	100.0	57.1428571429	2
case_9_d_2_bn_1_PP_1_000	41	100.0	58.5714285714	2
case_9_d_2_bn_1_PP_1_000	42	100.0	60.0	2
case_9_d_2_bn_1_PP_1_000	43	100.0	61.4285714286	2
case_9_d_2_bn_1_PP_1_000	44	100.0	62.8571428571	2
case_9_d_2_bn_1_PP_1_000	45	100.0	64.2857142857	2
case_9_d_2_bn_1_PP_1_000	46	100.0	65.7142857143	2
case_9_d_2_bn_1_PP_1_000	47	100.0	67.1428571429	2
case_9_d_2_bn_1_PP_1_000	48	100.0	68.5714285714	2
case_9_d_2_bn_1_PP_1_000	49	100.0	70.0	2
case_9_d_2_bn_1_PP_1_000	50	100.0	71.4285714286	2
case_9_d_2_bn_1_PP_1_000	51	100.0	72.8571428571	2
case_9_d_2_bn_1_PP_1_000	52	100.0	74.2857142857	2
case_9_d_2_bn_1_PP_1_000	53	100.0	75.7142857143	2
case_9_d_2_bn_1_PP_1_000	54	100.0	77.1428571429	2
case_9_d_2_bn_1_PP_1_000	55	100.0	78.5714285714	2
case_9_d_2_bn_1_PP_1_000	56	100.0	80.0	2
case_9_d_2_bn_1_PP_1_000	57	100.0	81.4285714286	2
case_9_d_2_bn_1_PP_1_000	58	100.0	82.8571428571	2
case_9_d_2_bn_1_PP_1_000	59	100.0	84.2857142857	2
case_9_d_2_bn_1_PP_1_000	60	100.0	85.7142857143	2
case_9_d_2_bn_1_PP_1_000	61	100.0	87.1428571429	2
case_9_d_2_bn_1_PP_1_000	62	100.0	88.5714285714	2
case_9_d_2_bn_1_PP_1_000	63	100.0	90.0	2
case_9_d_2_bn_1_PP_1_000	64	100.0	91.4285714286	2
case_9_d_2_bn_1_PP_1_000	65	100.0	92.8571428571	2
case_9_d_2_bn_1_PP_1_000	66	100.0	94.2857142857	2
case_9_d_2_bn_1_PP_1_000	67	100.0	95.7142857143	2
case_9_d_2_bn_1_PP_1_000	68	98.5294117647	95.7142857143	2
case_9_d_2_bn_1_PP_1_000	69	98.5507246377	97.1428571429	2
case_9_d_2_bn_1_PP_1_000	70	97.1428571429	97.1428571429	2
