case_10_d_1_bn_1_PP_1_000	1	100.0	4.7619047619	1
case_10_d_1_bn_1_PP_1_000	2	50.0	4.7619047619	1
case_10_d_1_bn_1_PP_1_000	3	33.3333333333	4.7619047619	1
case_10_d_1_bn_1_PP_1_000	4	25.0	4.7619047619	1
case_10_d_1_bn_1_PP_1_000	5	40.0	9.52380952381	1
case_10_d_1_bn_1_PP_1_000	6	50.0	14.2857142857	1
case_10_d_1_bn_1_PP_1_000	7	57.1428571429	19.0476190476	1
case_10_d_1_bn_1_PP_1_000	8	62.5	23.8095238095	1
case_10_d_1_bn_1_PP_1_000	9	66.6666666667	28.5714285714	1
case_10_d_1_bn_1_PP_1_000	10	70.0	33.3333333333	1
case_10_d_1_bn_1_PP_1_000	11	72.7272727273	38.0952380952	1
case_10_d_1_bn_1_PP_1_000	12	75.0	42.8571428571	1
case_10_d_1_bn_1_PP_1_000	13	76.9230769231	47.619047619	1
case_10_d_1_bn_1_PP_1_000	14	71.4285714286	47.619047619	1
case_10_d_1_bn_1_PP_1_000	15	73.3333333333	52.380952381	1
case_10_d_1_bn_1_PP_1_000	16	75.0	57.1428571429	1
case_10_d_1_bn_1_PP_1_000	17	76.4705882353	61.9047619048	1
case_10_d_1_bn_1_PP_1_000	18	77.7777777778	66.6666666667	1
case_10_d_1_bn_1_PP_1_000	19	78.9473684211	71.4285714286	1
case_10_d_1_bn_1_PP_1_000	20	80.0	76.1904761905	1
case_10_d_1_bn_1_PP_1_000	21	80.9523809524	80.9523809524	1
case_10_d_2_bn_1_PP_1_000	1	100.0	4.7619047619	2
case_10_d_2_bn_1_PP_1_000	2	100.0	9.52380952381	2
case_10_d_2_bn_1_PP_1_000	3	66.6666666667	9.52380952381	2
case_10_d_2_bn_1_PP_1_000	4	75.0	14.2857142857	2
case_10_d_2_bn_1_PP_1_000	5	60.0	14.2857142857	2
case_10_d_2_bn_1_PP_1_000	6	66.6666666667	19.0476190476	2
case_10_d_2_bn_1_PP_1_000	7	71.4285714286	23.8095238095	2
case_10_d_2_bn_1_PP_1_000	8	75.0	28.5714285714	2
case_10_d_2_bn_1_PP_1_000	9	77.7777777778	33.3333333333	2
case_10_d_2_bn_1_PP_1_000	10	80.0	38.0952380952	2
case_10_d_2_bn_1_PP_1_000	11	81.8181818182	42.8571428571	2
case_10_d_2_bn_1_PP_1_000	12	83.3333333333	47.619047619	2
case_10_d_2_bn_1_PP_1_000	13	76.9230769231	47.619047619	2
case_10_d_2_bn_1_PP_1_000	14	78.5714285714	52.380952381	2
case_10_d_2_bn_1_PP_1_000	15	80.0	57.1428571429	2
case_10_d_2_bn_1_PP_1_000	16	81.25	61.9047619048	2
case_10_d_2_bn_1_PP_1_000	17	76.4705882353	61.9047619048	2
case_10_d_2_bn_1_PP_1_000	18	77.7777777778	66.6666666667	2
case_10_d_2_bn_1_PP_1_000	19	78.9473684211	71.4285714286	2
case_10_d_2_bn_1_PP_1_000	20	80.0	76.1904761905	2
case_10_d_2_bn_1_PP_1_000	21	76.1904761905	76.1904761905	2
case_10_d_3_bn_1_PP_1_000	1	100.0	4.7619047619	3
case_10_d_3_bn_1_PP_1_000	2	100.0	9.52380952381	3
case_10_d_3_bn_1_PP_1_000	3	66.6666666667	9.52380952381	3
case_10_d_3_bn_1_PP_1_000	4	75.0	14.2857142857	3
case_10_d_3_bn_1_PP_1_000	5	60.0	14.2857142857	3
case_10_d_3_bn_1_PP_1_000	6	66.6666666667	19.0476190476	3
case_10_d_3_bn_1_PP_1_000	7	71.4285714286	23.8095238095	3
case_10_d_3_bn_1_PP_1_000	8	75.0	28.5714285714	3
case_10_d_3_bn_1_PP_1_000	9	77.7777777778	33.3333333333	3
case_10_d_3_bn_1_PP_1_000	10	80.0	38.0952380952	3
case_10_d_3_bn_1_PP_1_000	11	81.8181818182	42.8571428571	3
case_10_d_3_bn_1_PP_1_000	12	83.3333333333	47.619047619	3
case_10_d_3_bn_1_PP_1_000	13	84.6153846154	52.380952381	3
case_10_d_3_bn_1_PP_1_000	14	85.7142857143	57.1428571429	3
case_10_d_3_bn_1_PP_1_000	15	80.0	57.1428571429	3
case_10_d_3_bn_1_PP_1_000	16	81.25	61.9047619048	3
case_10_d_3_bn_1_PP_1_000	17	82.3529411765	66.6666666667	3
case_10_d_3_bn_1_PP_1_000	18	83.3333333333	71.4285714286	3
case_10_d_3_bn_1_PP_1_000	19	84.2105263158	76.1904761905	3
case_10_d_3_bn_1_PP_1_000	20	85.0	80.9523809524	3
case_10_d_3_bn_1_PP_1_000	21	85.7142857143	85.7142857143	3
case_11_d_1_bn_1_PP_1_000	1	0.0	0.0	1
case_11_d_1_bn_1_PP_1_000	2	0.0	0.0	1
case_11_d_1_bn_1_PP_1_000	3	33.3333333333	4.7619047619	1
case_11_d_1_bn_1_PP_1_000	4	50.0	9.52380952381	1
case_11_d_1_bn_1_PP_1_000	5	60.0	14.2857142857	1
case_11_d_1_bn_1_PP_1_000	6	66.6666666667	19.0476190476	1
case_11_d_1_bn_1_PP_1_000	7	71.4285714286	23.8095238095	1
case_11_d_1_bn_1_PP_1_000	8	75.0	28.5714285714	1
case_11_d_1_bn_1_PP_1_000	9	77.7777777778	33.3333333333	1
case_11_d_1_bn_1_PP_1_000	10	80.0	38.0952380952	1
case_11_d_1_bn_1_PP_1_000	11	81.8181818182	42.8571428571	1
case_11_d_1_bn_1_PP_1_000	12	83.3333333333	47.619047619	1
case_11_d_1_bn_1_PP_1_000	13	84.6153846154	52.380952381	1
case_11_d_1_bn_1_PP_1_000	14	85.7142857143	57.1428571429	1
case_11_d_1_bn_1_PP_1_000	15	86.6666666667	61.9047619048	1
case_11_d_1_bn_1_PP_1_000	16	87.5	66.6666666667	1
case_11_d_1_bn_1_PP_1_000	17	82.3529411765	66.6666666667	1
case_11_d_1_bn_1_PP_1_000	18	83.3333333333	71.4285714286	1
case_11_d_1_bn_1_PP_1_000	19	84.2105263158	76.1904761905	1
case_11_d_1_bn_1_PP_1_000	20	80.0	76.1904761905	1
case_11_d_1_bn_1_PP_1_000	21	80.9523809524	80.9523809524	1
case_11_d_2_bn_1_PP_1_000	1	0.0	0.0	2
case_11_d_2_bn_1_PP_1_000	2	50.0	4.7619047619	2
case_11_d_2_bn_1_PP_1_000	3	66.6666666667	9.52380952381	2
case_11_d_2_bn_1_PP_1_000	4	75.0	14.2857142857	2
case_11_d_2_bn_1_PP_1_000	5	60.0	14.2857142857	2
case_11_d_2_bn_1_PP_1_000	6	66.6666666667	19.0476190476	2
case_11_d_2_bn_1_PP_1_000	7	71.4285714286	23.8095238095	2
case_11_d_2_bn_1_PP_1_000	8	62.5	23.8095238095	2
case_11_d_2_bn_1_PP_1_000	9	66.6666666667	28.5714285714	2
case_11_d_2_bn_1_PP_1_000	10	60.0	28.5714285714	2
case_11_d_2_bn_1_PP_1_000	11	63.6363636364	33.3333333333	2
case_11_d_2_bn_1_PP_1_000	12	66.6666666667	38.0952380952	2
case_11_d_2_bn_1_PP_1_000	13	69.2307692308	42.8571428571	2
case_11_d_2_bn_1_PP_1_000	14	71.4285714286	47.619047619	2
case_11_d_2_bn_1_PP_1_000	15	73.3333333333	52.380952381	2
case_11_d_2_bn_1_PP_1_000	16	75.0	57.1428571429	2
case_11_d_2_bn_1_PP_1_000	17	76.4705882353	61.9047619048	2
case_11_d_2_bn_1_PP_1_000	18	77.7777777778	66.6666666667	2
case_11_d_2_bn_1_PP_1_000	19	73.6842105263	66.6666666667	2
case_11_d_2_bn_1_PP_1_000	20	75.0	71.4285714286	2
case_11_d_2_bn_1_PP_1_000	21	76.1904761905	76.1904761905	2
case_11_d_3_bn_1_PP_1_000	1	100.0	4.7619047619	3
case_11_d_3_bn_1_PP_1_000	2	100.0	9.52380952381	3
case_11_d_3_bn_1_PP_1_000	3	100.0	14.2857142857	3
case_11_d_3_bn_1_PP_1_000	4	75.0	14.2857142857	3
case_11_d_3_bn_1_PP_1_000	5	60.0	14.2857142857	3
case_11_d_3_bn_1_PP_1_000	6	66.6666666667	19.0476190476	3
case_11_d_3_bn_1_PP_1_000	7	71.4285714286	23.8095238095	3
case_11_d_3_bn_1_PP_1_000	8	75.0	28.5714285714	3
case_11_d_3_bn_1_PP_1_000	9	77.7777777778	33.3333333333	3
case_11_d_3_bn_1_PP_1_000	10	80.0	38.0952380952	3
case_11_d_3_bn_1_PP_1_000	11	81.8181818182	42.8571428571	3
case_11_d_3_bn_1_PP_1_000	12	75.0	42.8571428571	3
case_11_d_3_bn_1_PP_1_000	13	69.2307692308	42.8571428571	3
case_11_d_3_bn_1_PP_1_000	14	71.4285714286	47.619047619	3
case_11_d_3_bn_1_PP_1_000	15	73.3333333333	52.380952381	3
case_11_d_3_bn_1_PP_1_000	16	75.0	57.1428571429	3
case_11_d_3_bn_1_PP_1_000	17	70.5882352941	57.1428571429	3
case_11_d_3_bn_1_PP_1_000	18	72.2222222222	61.9047619048	3
case_11_d_3_bn_1_PP_1_000	19	73.6842105263	66.6666666667	3
case_11_d_3_bn_1_PP_1_000	20	75.0	71.4285714286	3
case_11_d_3_bn_1_PP_1_000	21	76.1904761905	76.1904761905	3
case_13_d_1_bn_1_PP_1_001	1	100.0	4.7619047619	1
case_13_d_1_bn_1_PP_1_001	2	50.0	4.7619047619	1
case_13_d_1_bn_1_PP_1_001	3	66.6666666667	9.52380952381	1
case_13_d_1_bn_1_PP_1_001	4	50.0	9.52380952381	1
case_13_d_1_bn_1_PP_1_001	5	60.0	14.2857142857	1
case_13_d_1_bn_1_PP_1_001	6	66.6666666667	19.0476190476	1
case_13_d_1_bn_1_PP_1_001	7	71.4285714286	23.8095238095	1
case_13_d_1_bn_1_PP_1_001	8	75.0	28.5714285714	1
case_13_d_1_bn_1_PP_1_001	9	77.7777777778	33.3333333333	1
case_13_d_1_bn_1_PP_1_001	10	80.0	38.0952380952	1
case_13_d_1_bn_1_PP_1_001	11	81.8181818182	42.8571428571	1
case_13_d_1_bn_1_PP_1_001	12	83.3333333333	47.619047619	1
case_13_d_1_bn_1_PP_1_001	13	84.6153846154	52.380952381	1
case_13_d_1_bn_1_PP_1_001	14	85.7142857143	57.1428571429	1
case_13_d_1_bn_1_PP_1_001	15	86.6666666667	61.9047619048	1
case_13_d_1_bn_1_PP_1_001	16	87.5	66.6666666667	1
case_13_d_1_bn_1_PP_1_001	17	88.2352941176	71.4285714286	1
case_13_d_1_bn_1_PP_1_001	18	88.8888888889	76.1904761905	1
case_13_d_1_bn_1_PP_1_001	19	89.4736842105	80.9523809524	1
case_13_d_1_bn_1_PP_1_001	20	90.0	85.7142857143	1
case_13_d_1_bn_1_PP_1_001	21	90.4761904762	90.4761904762	1
case_13_d_2_bn_1_PP_1_001	1	100.0	4.7619047619	2
case_13_d_2_bn_1_PP_1_001	2	100.0	9.52380952381	2
case_13_d_2_bn_1_PP_1_001	3	100.0	14.2857142857	2
case_13_d_2_bn_1_PP_1_001	4	100.0	19.0476190476	2
case_13_d_2_bn_1_PP_1_001	5	100.0	23.8095238095	2
case_13_d_2_bn_1_PP_1_001	6	100.0	28.5714285714	2
case_13_d_2_bn_1_PP_1_001	7	100.0	33.3333333333	2
case_13_d_2_bn_1_PP_1_001	8	100.0	38.0952380952	2
case_13_d_2_bn_1_PP_1_001	9	88.8888888889	38.0952380952	2
case_13_d_2_bn_1_PP_1_001	10	90.0	42.8571428571	2
case_13_d_2_bn_1_PP_1_001	11	90.9090909091	47.619047619	2
case_13_d_2_bn_1_PP_1_001	12	83.3333333333	47.619047619	2
case_13_d_2_bn_1_PP_1_001	13	76.9230769231	47.619047619	2
case_13_d_2_bn_1_PP_1_001	14	78.5714285714	52.380952381	2
case_13_d_2_bn_1_PP_1_001	15	73.3333333333	52.380952381	2
case_13_d_2_bn_1_PP_1_001	16	75.0	57.1428571429	2
case_13_d_2_bn_1_PP_1_001	17	76.4705882353	61.9047619048	2
case_13_d_2_bn_1_PP_1_001	18	77.7777777778	66.6666666667	2
case_13_d_2_bn_1_PP_1_001	19	73.6842105263	66.6666666667	2
case_13_d_2_bn_1_PP_1_001	20	75.0	71.4285714286	2
case_13_d_2_bn_1_PP_1_001	21	76.1904761905	76.1904761905	2
case_13_d_3_bn_1_PP_1_001	1	0.0	0.0	3
case_13_d_3_bn_1_PP_1_001	2	50.0	4.7619047619	3
case_13_d_3_bn_1_PP_1_001	3	66.6666666667	9.52380952381	3
case_13_d_3_bn_1_PP_1_001	4	75.0	14.2857142857	3
case_13_d_3_bn_1_PP_1_001	5	80.0	19.0476190476	3
case_13_d_3_bn_1_PP_1_001	6	83.3333333333	23.8095238095	3
case_13_d_3_bn_1_PP_1_001	7	71.4285714286	23.8095238095	3
case_13_d_3_bn_1_PP_1_001	8	75.0	28.5714285714	3
case_13_d_3_bn_1_PP_1_001	9	77.7777777778	33.3333333333	3
case_13_d_3_bn_1_PP_1_001	10	80.0	38.0952380952	3
case_13_d_3_bn_1_PP_1_001	11	81.8181818182	42.8571428571	3
case_13_d_3_bn_1_PP_1_001	12	83.3333333333	47.619047619	3
case_13_d_3_bn_1_PP_1_001	13	84.6153846154	52.380952381	3
case_13_d_3_bn_1_PP_1_001	14	85.7142857143	57.1428571429	3
case_13_d_3_bn_1_PP_1_001	15	86.6666666667	61.9047619048	3
case_13_d_3_bn_1_PP_1_001	16	87.5	66.6666666667	3
case_13_d_3_bn_1_PP_1_001	17	82.3529411765	66.6666666667	3
case_13_d_3_bn_1_PP_1_001	18	83.3333333333	71.4285714286	3
case_13_d_3_bn_1_PP_1_001	19	84.2105263158	76.1904761905	3
case_13_d_3_bn_1_PP_1_001	20	85.0	80.9523809524	3
case_13_d_3_bn_1_PP_1_001	21	80.9523809524	80.9523809524	3
case_15_d_1_bn_1_PP_1_000	1	100.0	4.7619047619	1
case_15_d_1_bn_1_PP_1_000	2	50.0	4.7619047619	1
case_15_d_1_bn_1_PP_1_000	3	66.6666666667	9.52380952381	1
case_15_d_1_bn_1_PP_1_000	4	75.0	14.2857142857	1
case_15_d_1_bn_1_PP_1_000	5	80.0	19.0476190476	1
case_15_d_1_bn_1_PP_1_000	6	83.3333333333	23.8095238095	1
case_15_d_1_bn_1_PP_1_000	7	71.4285714286	23.8095238095	1
case_15_d_1_bn_1_PP_1_000	8	75.0	28.5714285714	1
case_15_d_1_bn_1_PP_1_000	9	77.7777777778	33.3333333333	1
case_15_d_1_bn_1_PP_1_000	10	80.0	38.0952380952	1
case_15_d_1_bn_1_PP_1_000	11	72.7272727273	38.0952380952	1
case_15_d_1_bn_1_PP_1_000	12	75.0	42.8571428571	1
case_15_d_1_bn_1_PP_1_000	13	76.9230769231	47.619047619	1
case_15_d_1_bn_1_PP_1_000	14	78.5714285714	52.380952381	1
case_15_d_1_bn_1_PP_1_000	15	73.3333333333	52.380952381	1
case_15_d_1_bn_1_PP_1_000	16	75.0	57.1428571429	1
case_15_d_1_bn_1_PP_1_000	17	76.4705882353	61.9047619048	1
case_15_d_1_bn_1_PP_1_000	18	77.7777777778	66.6666666667	1
case_15_d_1_bn_1_PP_1_000	19	78.9473684211	71.4285714286	1
case_15_d_1_bn_1_PP_1_000	20	80.0	76.1904761905	1
case_15_d_1_bn_1_PP_1_000	21	80.9523809524	80.9523809524	1
case_15_d_2_bn_1_PP_1_000	1	100.0	4.7619047619	2
case_15_d_2_bn_1_PP_1_000	2	100.0	9.52380952381	2
case_15_d_2_bn_1_PP_1_000	3	100.0	14.2857142857	2
case_15_d_2_bn_1_PP_1_000	4	75.0	14.2857142857	2
case_15_d_2_bn_1_PP_1_000	5	80.0	19.0476190476	2
case_15_d_2_bn_1_PP_1_000	6	83.3333333333	23.8095238095	2
case_15_d_2_bn_1_PP_1_000	7	71.4285714286	23.8095238095	2
case_15_d_2_bn_1_PP_1_000	8	75.0	28.5714285714	2
case_15_d_2_bn_1_PP_1_000	9	77.7777777778	33.3333333333	2
case_15_d_2_bn_1_PP_1_000	10	80.0	38.0952380952	2
case_15_d_2_bn_1_PP_1_000	11	81.8181818182	42.8571428571	2
case_15_d_2_bn_1_PP_1_000	12	83.3333333333	47.619047619	2
case_15_d_2_bn_1_PP_1_000	13	84.6153846154	52.380952381	2
case_15_d_2_bn_1_PP_1_000	14	85.7142857143	57.1428571429	2
case_15_d_2_bn_1_PP_1_000	15	80.0	57.1428571429	2
case_15_d_2_bn_1_PP_1_000	16	81.25	61.9047619048	2
case_15_d_2_bn_1_PP_1_000	17	82.3529411765	66.6666666667	2
case_15_d_2_bn_1_PP_1_000	18	77.7777777778	66.6666666667	2
case_15_d_2_bn_1_PP_1_000	19	78.9473684211	71.4285714286	2
case_15_d_2_bn_1_PP_1_000	20	75.0	71.4285714286	2
case_15_d_2_bn_1_PP_1_000	21	76.1904761905	76.1904761905	2
case_15_d_3_bn_1_PP_1_000	1	100.0	4.7619047619	3
case_15_d_3_bn_1_PP_1_000	2	100.0	9.52380952381	3
case_15_d_3_bn_1_PP_1_000	3	66.6666666667	9.52380952381	3
case_15_d_3_bn_1_PP_1_000	4	50.0	9.52380952381	3
case_15_d_3_bn_1_PP_1_000	5	60.0	14.2857142857	3
case_15_d_3_bn_1_PP_1_000	6	66.6666666667	19.0476190476	3
case_15_d_3_bn_1_PP_1_000	7	71.4285714286	23.8095238095	3
case_15_d_3_bn_1_PP_1_000	8	75.0	28.5714285714	3
case_15_d_3_bn_1_PP_1_000	9	66.6666666667	28.5714285714	3
case_15_d_3_bn_1_PP_1_000	10	70.0	33.3333333333	3
case_15_d_3_bn_1_PP_1_000	11	72.7272727273	38.0952380952	3
case_15_d_3_bn_1_PP_1_000	12	75.0	42.8571428571	3
case_15_d_3_bn_1_PP_1_000	13	76.9230769231	47.619047619	3
case_15_d_3_bn_1_PP_1_000	14	78.5714285714	52.380952381	3
case_15_d_3_bn_1_PP_1_000	15	80.0	57.1428571429	3
case_15_d_3_bn_1_PP_1_000	16	81.25	61.9047619048	3
case_15_d_3_bn_1_PP_1_000	17	82.3529411765	66.6666666667	3
case_15_d_3_bn_1_PP_1_000	18	77.7777777778	66.6666666667	3
case_15_d_3_bn_1_PP_1_000	19	78.9473684211	71.4285714286	3
case_15_d_3_bn_1_PP_1_000	20	75.0	71.4285714286	3
case_15_d_3_bn_1_PP_1_000	21	71.4285714286	71.4285714286	3
case_17_d_1_bn_1_PP_1_010	1	100.0	4.7619047619	1
case_17_d_1_bn_1_PP_1_010	2	100.0	9.52380952381	1
case_17_d_1_bn_1_PP_1_010	3	100.0	14.2857142857	1
case_17_d_1_bn_1_PP_1_010	4	75.0	14.2857142857	1
case_17_d_1_bn_1_PP_1_010	5	80.0	19.0476190476	1
case_17_d_1_bn_1_PP_1_010	6	83.3333333333	23.8095238095	1
case_17_d_1_bn_1_PP_1_010	7	85.7142857143	28.5714285714	1
case_17_d_1_bn_1_PP_1_010	8	87.5	33.3333333333	1
case_17_d_1_bn_1_PP_1_010	9	77.7777777778	33.3333333333	1
case_17_d_1_bn_1_PP_1_010	10	80.0	38.0952380952	1
case_17_d_1_bn_1_PP_1_010	11	81.8181818182	42.8571428571	1
case_17_d_1_bn_1_PP_1_010	12	83.3333333333	47.619047619	1
case_17_d_1_bn_1_PP_1_010	13	84.6153846154	52.380952381	1
case_17_d_1_bn_1_PP_1_010	14	85.7142857143	57.1428571429	1
case_17_d_1_bn_1_PP_1_010	15	86.6666666667	61.9047619048	1
case_17_d_1_bn_1_PP_1_010	16	81.25	61.9047619048	1
case_17_d_1_bn_1_PP_1_010	17	82.3529411765	66.6666666667	1
case_17_d_1_bn_1_PP_1_010	18	83.3333333333	71.4285714286	1
case_17_d_1_bn_1_PP_1_010	19	84.2105263158	76.1904761905	1
case_17_d_1_bn_1_PP_1_010	20	85.0	80.9523809524	1
case_17_d_1_bn_1_PP_1_010	21	80.9523809524	80.9523809524	1
case_17_d_2_bn_1_PP_1_010	1	0.0	0.0	2
case_17_d_2_bn_1_PP_1_010	2	50.0	4.7619047619	2
case_17_d_2_bn_1_PP_1_010	3	66.6666666667	9.52380952381	2
case_17_d_2_bn_1_PP_1_010	4	75.0	14.2857142857	2
case_17_d_2_bn_1_PP_1_010	5	80.0	19.0476190476	2
case_17_d_2_bn_1_PP_1_010	6	83.3333333333	23.8095238095	2
case_17_d_2_bn_1_PP_1_010	7	71.4285714286	23.8095238095	2
case_17_d_2_bn_1_PP_1_010	8	75.0	28.5714285714	2
case_17_d_2_bn_1_PP_1_010	9	66.6666666667	28.5714285714	2
case_17_d_2_bn_1_PP_1_010	10	70.0	33.3333333333	2
case_17_d_2_bn_1_PP_1_010	11	72.7272727273	38.0952380952	2
case_17_d_2_bn_1_PP_1_010	12	75.0	42.8571428571	2
case_17_d_2_bn_1_PP_1_010	13	76.9230769231	47.619047619	2
case_17_d_2_bn_1_PP_1_010	14	78.5714285714	52.380952381	2
case_17_d_2_bn_1_PP_1_010	15	80.0	57.1428571429	2
case_17_d_2_bn_1_PP_1_010	16	81.25	61.9047619048	2
case_17_d_2_bn_1_PP_1_010	17	82.3529411765	66.6666666667	2
case_17_d_2_bn_1_PP_1_010	18	77.7777777778	66.6666666667	2
case_17_d_2_bn_1_PP_1_010	19	78.9473684211	71.4285714286	2
case_17_d_2_bn_1_PP_1_010	20	80.0	76.1904761905	2
case_17_d_2_bn_1_PP_1_010	21	80.9523809524	80.9523809524	2
case_17_d_3_bn_1_PP_1_010	1	100.0	4.7619047619	3
case_17_d_3_bn_1_PP_1_010	2	100.0	9.52380952381	3
case_17_d_3_bn_1_PP_1_010	3	100.0	14.2857142857	3
case_17_d_3_bn_1_PP_1_010	4	100.0	19.0476190476	3
case_17_d_3_bn_1_PP_1_010	5	100.0	23.8095238095	3
case_17_d_3_bn_1_PP_1_010	6	100.0	28.5714285714	3
case_17_d_3_bn_1_PP_1_010	7	85.7142857143	28.5714285714	3
case_17_d_3_bn_1_PP_1_010	8	87.5	33.3333333333	3
case_17_d_3_bn_1_PP_1_010	9	88.8888888889	38.0952380952	3
case_17_d_3_bn_1_PP_1_010	10	80.0	38.0952380952	3
case_17_d_3_bn_1_PP_1_010	11	81.8181818182	42.8571428571	3
case_17_d_3_bn_1_PP_1_010	12	83.3333333333	47.619047619	3
case_17_d_3_bn_1_PP_1_010	13	84.6153846154	52.380952381	3
case_17_d_3_bn_1_PP_1_010	14	85.7142857143	57.1428571429	3
case_17_d_3_bn_1_PP_1_010	15	80.0	57.1428571429	3
case_17_d_3_bn_1_PP_1_010	16	81.25	61.9047619048	3
case_17_d_3_bn_1_PP_1_010	17	82.3529411765	66.6666666667	3
case_17_d_3_bn_1_PP_1_010	18	83.3333333333	71.4285714286	3
case_17_d_3_bn_1_PP_1_010	19	84.2105263158	76.1904761905	3
case_17_d_3_bn_1_PP_1_010	20	85.0	80.9523809524	3
case_17_d_3_bn_1_PP_1_010	21	80.9523809524	80.9523809524	3
case_7_d_1_bn_1_PP_1_000	1	100.0	4.7619047619	1
case_7_d_1_bn_1_PP_1_000	2	100.0	9.52380952381	1
case_7_d_1_bn_1_PP_1_000	3	100.0	14.2857142857	1
case_7_d_1_bn_1_PP_1_000	4	100.0	19.0476190476	1
case_7_d_1_bn_1_PP_1_000	5	100.0	23.8095238095	1
case_7_d_1_bn_1_PP_1_000	6	83.3333333333	23.8095238095	1
case_7_d_1_bn_1_PP_1_000	7	71.4285714286	23.8095238095	1
case_7_d_1_bn_1_PP_1_000	8	75.0	28.5714285714	1
case_7_d_1_bn_1_PP_1_000	9	77.7777777778	33.3333333333	1
case_7_d_1_bn_1_PP_1_000	10	80.0	38.0952380952	1
case_7_d_1_bn_1_PP_1_000	11	81.8181818182	42.8571428571	1
case_7_d_1_bn_1_PP_1_000	12	75.0	42.8571428571	1
case_7_d_1_bn_1_PP_1_000	13	69.2307692308	42.8571428571	1
case_7_d_1_bn_1_PP_1_000	14	71.4285714286	47.619047619	1
case_7_d_1_bn_1_PP_1_000	15	66.6666666667	47.619047619	1
case_7_d_1_bn_1_PP_1_000	16	68.75	52.380952381	1
case_7_d_1_bn_1_PP_1_000	17	70.5882352941	57.1428571429	1
case_7_d_1_bn_1_PP_1_000	18	72.2222222222	61.9047619048	1
case_7_d_1_bn_1_PP_1_000	19	68.4210526316	61.9047619048	1
case_7_d_1_bn_1_PP_1_000	20	70.0	66.6666666667	1
case_7_d_1_bn_1_PP_1_000	21	71.4285714286	71.4285714286	1
case_7_d_2_bn_1_PP_1_000	1	100.0	4.7619047619	2
case_7_d_2_bn_1_PP_1_000	2	100.0	9.52380952381	2
case_7_d_2_bn_1_PP_1_000	3	66.6666666667	9.52380952381	2
case_7_d_2_bn_1_PP_1_000	4	75.0	14.2857142857	2
case_7_d_2_bn_1_PP_1_000	5	80.0	19.0476190476	2
case_7_d_2_bn_1_PP_1_000	6	66.6666666667	19.0476190476	2
case_7_d_2_bn_1_PP_1_000	7	57.1428571429	19.0476190476	2
case_7_d_2_bn_1_PP_1_000	8	50.0	19.0476190476	2
case_7_d_2_bn_1_PP_1_000	9	44.4444444444	19.0476190476	2
case_7_d_2_bn_1_PP_1_000	10	40.0	19.0476190476	2
case_7_d_2_bn_1_PP_1_000	11	45.4545454545	23.8095238095	2
case_7_d_2_bn_1_PP_1_000	12	50.0	28.5714285714	2
case_7_d_2_bn_1_PP_1_000	13	46.1538461538	28.5714285714	2
case_7_d_2_bn_1_PP_1_000	14	50.0	33.3333333333	2
case_7_d_2_bn_1_PP_1_000	15	46.6666666667	33.3333333333	2
case_7_d_2_bn_1_PP_1_000	16	50.0	38.0952380952	2
case_7_d_2_bn_1_PP_1_000	17	47.0588235294	38.0952380952	2
case_7_d_2_bn_1_PP_1_000	18	50.0	42.8571428571	2
case_7_d_2_bn_1_PP_1_000	19	47.3684210526	42.8571428571	2
case_7_d_2_bn_1_PP_1_000	20	45.0	42.8571428571	2
case_7_d_2_bn_1_PP_1_000	21	42.8571428571	42.8571428571	2
case_7_d_3_bn_1_PP_1_000	1	100.0	4.7619047619	3
case_7_d_3_bn_1_PP_1_000	2	100.0	9.52380952381	3
case_7_d_3_bn_1_PP_1_000	3	66.6666666667	9.52380952381	3
case_7_d_3_bn_1_PP_1_000	4	50.0	9.52380952381	3
case_7_d_3_bn_1_PP_1_000	5	40.0	9.52380952381	3
case_7_d_3_bn_1_PP_1_000	6	50.0	14.2857142857	3
case_7_d_3_bn_1_PP_1_000	7	42.8571428571	14.2857142857	3
case_7_d_3_bn_1_PP_1_000	8	37.5	14.2857142857	3
case_7_d_3_bn_1_PP_1_000	9	44.4444444444	19.0476190476	3
case_7_d_3_bn_1_PP_1_000	10	50.0	23.8095238095	3
case_7_d_3_bn_1_PP_1_000	11	45.4545454545	23.8095238095	3
case_7_d_3_bn_1_PP_1_000	12	50.0	28.5714285714	3
case_7_d_3_bn_1_PP_1_000	13	46.1538461538	28.5714285714	3
case_7_d_3_bn_1_PP_1_000	14	42.8571428571	28.5714285714	3
case_7_d_3_bn_1_PP_1_000	15	40.0	28.5714285714	3
case_7_d_3_bn_1_PP_1_000	16	43.75	33.3333333333	3
case_7_d_3_bn_1_PP_1_000	17	41.1764705882	33.3333333333	3
case_7_d_3_bn_1_PP_1_000	18	38.8888888889	33.3333333333	3
case_7_d_3_bn_1_PP_1_000	19	42.1052631579	38.0952380952	3
case_7_d_3_bn_1_PP_1_000	20	40.0	38.0952380952	3
case_7_d_3_bn_1_PP_1_000	21	38.0952380952	38.0952380952	3
case_8_d_1_bn_1_PP_1_000	1	100.0	4.7619047619	1
case_8_d_1_bn_1_PP_1_000	2	100.0	9.52380952381	1
case_8_d_1_bn_1_PP_1_000	3	100.0	14.2857142857	1
case_8_d_1_bn_1_PP_1_000	4	100.0	19.0476190476	1
case_8_d_1_bn_1_PP_1_000	5	100.0	23.8095238095	1
case_8_d_1_bn_1_PP_1_000	6	83.3333333333	23.8095238095	1
case_8_d_1_bn_1_PP_1_000	7	85.7142857143	28.5714285714	1
case_8_d_1_bn_1_PP_1_000	8	87.5	33.3333333333	1
case_8_d_1_bn_1_PP_1_000	9	88.8888888889	38.0952380952	1
case_8_d_1_bn_1_PP_1_000	10	80.0	38.0952380952	1
case_8_d_1_bn_1_PP_1_000	11	81.8181818182	42.8571428571	1
case_8_d_1_bn_1_PP_1_000	12	75.0	42.8571428571	1
case_8_d_1_bn_1_PP_1_000	13	76.9230769231	47.619047619	1
case_8_d_1_bn_1_PP_1_000	14	78.5714285714	52.380952381	1
case_8_d_1_bn_1_PP_1_000	15	73.3333333333	52.380952381	1
case_8_d_1_bn_1_PP_1_000	16	75.0	57.1428571429	1
case_8_d_1_bn_1_PP_1_000	17	76.4705882353	61.9047619048	1
case_8_d_1_bn_1_PP_1_000	18	77.7777777778	66.6666666667	1
case_8_d_1_bn_1_PP_1_000	19	78.9473684211	71.4285714286	1
case_8_d_1_bn_1_PP_1_000	20	80.0	76.1904761905	1
case_8_d_1_bn_1_PP_1_000	21	80.9523809524	80.9523809524	1
case_8_d_2_bn_1_PP_1_000	1	100.0	4.7619047619	2
case_8_d_2_bn_1_PP_1_000	2	100.0	9.52380952381	2
case_8_d_2_bn_1_PP_1_000	3	66.6666666667	9.52380952381	2
case_8_d_2_bn_1_PP_1_000	4	75.0	14.2857142857	2
case_8_d_2_bn_1_PP_1_000	5	60.0	14.2857142857	2
case_8_d_2_bn_1_PP_1_000	6	66.6666666667	19.0476190476	2
case_8_d_2_bn_1_PP_1_000	7	57.1428571429	19.0476190476	2
case_8_d_2_bn_1_PP_1_000	8	62.5	23.8095238095	2
case_8_d_2_bn_1_PP_1_000	9	55.5555555556	23.8095238095	2
case_8_d_2_bn_1_PP_1_000	10	50.0	23.8095238095	2
case_8_d_2_bn_1_PP_1_000	11	54.5454545455	28.5714285714	2
case_8_d_2_bn_1_PP_1_000	12	50.0	28.5714285714	2
case_8_d_2_bn_1_PP_1_000	13	53.8461538462	33.3333333333	2
case_8_d_2_bn_1_PP_1_000	14	57.1428571429	38.0952380952	2
case_8_d_2_bn_1_PP_1_000	15	53.3333333333	38.0952380952	2
case_8_d_2_bn_1_PP_1_000	16	56.25	42.8571428571	2
case_8_d_2_bn_1_PP_1_000	17	58.8235294118	47.619047619	2
case_8_d_2_bn_1_PP_1_000	18	55.5555555556	47.619047619	2
case_8_d_2_bn_1_PP_1_000	19	57.8947368421	52.380952381	2
case_8_d_2_bn_1_PP_1_000	20	55.0	52.380952381	2
case_8_d_2_bn_1_PP_1_000	21	52.380952381	52.380952381	2
case_8_d_3_bn_1_PP_1_000	1	0.0	0.0	3
case_8_d_3_bn_1_PP_1_000	2	50.0	4.7619047619	3
case_8_d_3_bn_1_PP_1_000	3	33.3333333333	4.7619047619	3
case_8_d_3_bn_1_PP_1_000	4	50.0	9.52380952381	3
case_8_d_3_bn_1_PP_1_000	5	60.0	14.2857142857	3
case_8_d_3_bn_1_PP_1_000	6	50.0	14.2857142857	3
case_8_d_3_bn_1_PP_1_000	7	42.8571428571	14.2857142857	3
case_8_d_3_bn_1_PP_1_000	8	37.5	14.2857142857	3
case_8_d_3_bn_1_PP_1_000	9	33.3333333333	14.2857142857	3
case_8_d_3_bn_1_PP_1_000	10	30.0	14.2857142857	3
case_8_d_3_bn_1_PP_1_000	11	27.2727272727	14.2857142857	3
case_8_d_3_bn_1_PP_1_000	12	33.3333333333	19.0476190476	3
case_8_d_3_bn_1_PP_1_000	13	30.7692307692	19.0476190476	3
case_8_d_3_bn_1_PP_1_000	14	35.7142857143	23.8095238095	3
case_8_d_3_bn_1_PP_1_000	15	33.3333333333	23.8095238095	3
case_8_d_3_bn_1_PP_1_000	16	37.5	28.5714285714	3
case_8_d_3_bn_1_PP_1_000	17	41.1764705882	33.3333333333	3
case_8_d_3_bn_1_PP_1_000	18	44.4444444444	38.0952380952	3
case_8_d_3_bn_1_PP_1_000	19	47.3684210526	42.8571428571	3
case_8_d_3_bn_1_PP_1_000	20	45.0	42.8571428571	3
case_8_d_3_bn_1_PP_1_000	21	47.619047619	47.619047619	3
case_9_d_1_bn_1_PP_1_000	1	100.0	4.7619047619	1
case_9_d_1_bn_1_PP_1_000	2	100.0	9.52380952381	1
case_9_d_1_bn_1_PP_1_000	3	100.0	14.2857142857	1
case_9_d_1_bn_1_PP_1_000	4	75.0	14.2857142857	1
case_9_d_1_bn_1_PP_1_000	5	60.0	14.2857142857	1
case_9_d_1_bn_1_PP_1_000	6	66.6666666667	19.0476190476	1
case_9_d_1_bn_1_PP_1_000	7	71.4285714286	23.8095238095	1
case_9_d_1_bn_1_PP_1_000	8	75.0	28.5714285714	1
case_9_d_1_bn_1_PP_1_000	9	77.7777777778	33.3333333333	1
case_9_d_1_bn_1_PP_1_000	10	70.0	33.3333333333	1
case_9_d_1_bn_1_PP_1_000	11	63.6363636364	33.3333333333	1
case_9_d_1_bn_1_PP_1_000	12	66.6666666667	38.0952380952	1
case_9_d_1_bn_1_PP_1_000	13	69.2307692308	42.8571428571	1
case_9_d_1_bn_1_PP_1_000	14	71.4285714286	47.619047619	1
case_9_d_1_bn_1_PP_1_000	15	66.6666666667	47.619047619	1
case_9_d_1_bn_1_PP_1_000	16	68.75	52.380952381	1
case_9_d_1_bn_1_PP_1_000	17	64.7058823529	52.380952381	1
case_9_d_1_bn_1_PP_1_000	18	61.1111111111	52.380952381	1
case_9_d_1_bn_1_PP_1_000	19	63.1578947368	57.1428571429	1
case_9_d_1_bn_1_PP_1_000	20	65.0	61.9047619048	1
case_9_d_1_bn_1_PP_1_000	21	61.9047619048	61.9047619048	1
case_9_d_2_bn_1_PP_1_000	1	100.0	4.7619047619	2
case_9_d_2_bn_1_PP_1_000	2	50.0	4.7619047619	2
case_9_d_2_bn_1_PP_1_000	3	66.6666666667	9.52380952381	2
case_9_d_2_bn_1_PP_1_000	4	75.0	14.2857142857	2
case_9_d_2_bn_1_PP_1_000	5	60.0	14.2857142857	2
case_9_d_2_bn_1_PP_1_000	6	50.0	14.2857142857	2
case_9_d_2_bn_1_PP_1_000	7	57.1428571429	19.0476190476	2
case_9_d_2_bn_1_PP_1_000	8	50.0	19.0476190476	2
case_9_d_2_bn_1_PP_1_000	9	55.5555555556	23.8095238095	2
case_9_d_2_bn_1_PP_1_000	10	50.0	23.8095238095	2
case_9_d_2_bn_1_PP_1_000	11	45.4545454545	23.8095238095	2
case_9_d_2_bn_1_PP_1_000	12	41.6666666667	23.8095238095	2
case_9_d_2_bn_1_PP_1_000	13	38.4615384615	23.8095238095	2
case_9_d_2_bn_1_PP_1_000	14	35.7142857143	23.8095238095	2
case_9_d_2_bn_1_PP_1_000	15	33.3333333333	23.8095238095	2
case_9_d_2_bn_1_PP_1_000	16	31.25	23.8095238095	2
case_9_d_2_bn_1_PP_1_000	17	35.2941176471	28.5714285714	2
case_9_d_2_bn_1_PP_1_000	18	38.8888888889	33.3333333333	2
case_9_d_2_bn_1_PP_1_000	19	36.8421052632	33.3333333333	2
case_9_d_2_bn_1_PP_1_000	20	35.0	33.3333333333	2
case_9_d_2_bn_1_PP_1_000	21	33.3333333333	33.3333333333	2
case_9_d_3_bn_1_PP_1_000	1	100.0	4.7619047619	3
case_9_d_3_bn_1_PP_1_000	2	100.0	9.52380952381	3
case_9_d_3_bn_1_PP_1_000	3	100.0	14.2857142857	3
case_9_d_3_bn_1_PP_1_000	4	100.0	19.0476190476	3
case_9_d_3_bn_1_PP_1_000	5	100.0	23.8095238095	3
case_9_d_3_bn_1_PP_1_000	6	100.0	28.5714285714	3
case_9_d_3_bn_1_PP_1_000	7	85.7142857143	28.5714285714	3
case_9_d_3_bn_1_PP_1_000	8	75.0	28.5714285714	3
case_9_d_3_bn_1_PP_1_000	9	66.6666666667	28.5714285714	3
case_9_d_3_bn_1_PP_1_000	10	60.0	28.5714285714	3
case_9_d_3_bn_1_PP_1_000	11	63.6363636364	33.3333333333	3
case_9_d_3_bn_1_PP_1_000	12	58.3333333333	33.3333333333	3
case_9_d_3_bn_1_PP_1_000	13	53.8461538462	33.3333333333	3
case_9_d_3_bn_1_PP_1_000	14	57.1428571429	38.0952380952	3
case_9_d_3_bn_1_PP_1_000	15	53.3333333333	38.0952380952	3
case_9_d_3_bn_1_PP_1_000	16	50.0	38.0952380952	3
case_9_d_3_bn_1_PP_1_000	17	47.0588235294	38.0952380952	3
case_9_d_3_bn_1_PP_1_000	18	44.4444444444	38.0952380952	3
case_9_d_3_bn_1_PP_1_000	19	47.3684210526	42.8571428571	3
case_9_d_3_bn_1_PP_1_000	20	45.0	42.8571428571	3
case_9_d_3_bn_1_PP_1_000	21	47.619047619	47.619047619	3
