case_10_d_1_bn_1_PP_1_000	6	49.7222222222	25.0	1
case_10_d_2_bn_1_PP_1_000	6	59.4444444444	30.5555555556	2
case_10_d_3_bn_1_PP_1_000	6	67.7777777778	33.3333333333	3
case_11_d_1_bn_1_PP_1_000	6	2.77777777778	2.77777777778	1
case_11_d_2_bn_1_PP_1_000	6	65.0	30.5555555556	2
case_11_d_3_bn_1_PP_1_000	6	56.6666666667	27.7777777778	3
case_13_d_1_bn_1_PP_1_001	6	59.4444444444	30.5555555556	1
case_13_d_2_bn_1_PP_1_001	6	51.1111111111	25.0	2
case_13_d_3_bn_1_PP_1_001	6	53.8888888889	27.7777777778	3
case_15_d_1_bn_1_PP_1_000	6	65.0	30.5555555556	1
case_15_d_2_bn_1_PP_1_000	6	91.1111111111	50.0	2
case_15_d_3_bn_1_PP_1_000	6	40.8333333333	16.6666666667	3
case_17_d_1_bn_1_PP_1_010	6	34.4444444444	22.2222222222	1
case_17_d_2_bn_1_PP_1_010	6	46.9444444444	22.2222222222	2
case_17_d_3_bn_1_PP_1_010	6	65.0	30.5555555556	3
case_7_d_1_bn_1_PP_1_000	6	40.8333333333	16.6666666667	1
case_7_d_2_bn_1_PP_1_000	6	24.1666666667	13.8888888889	2
case_7_d_3_bn_1_PP_1_000	6	40.8333333333	16.6666666667	3
case_8_d_1_bn_1_PP_1_000	6	51.1111111111	25.0	1
case_8_d_2_bn_1_PP_1_000	6	40.8333333333	16.6666666667	2
case_8_d_3_bn_1_PP_1_000	6	51.1111111111	25.0	3
case_9_d_1_bn_1_PP_1_000	6	49.7222222222	25.0	1
case_9_d_2_bn_1_PP_1_000	6	80.8333333333	41.6666666667	2
case_9_d_3_bn_1_PP_1_000	6	49.7222222222	25.0	3
