case_10_d_1_bn_1_PP_1_000	1	100.0	9.09090909091	1
case_10_d_1_bn_1_PP_1_000	2	50.0	9.09090909091	1
case_10_d_1_bn_1_PP_1_000	3	33.3333333333	9.09090909091	1
case_10_d_1_bn_1_PP_1_000	4	25.0	9.09090909091	1
case_10_d_1_bn_1_PP_1_000	5	20.0	9.09090909091	1
case_10_d_1_bn_1_PP_1_000	6	16.6666666667	9.09090909091	1
case_10_d_1_bn_1_PP_1_000	7	14.2857142857	9.09090909091	1
case_10_d_1_bn_1_PP_1_000	8	12.5	9.09090909091	1
case_10_d_1_bn_1_PP_1_000	9	11.1111111111	9.09090909091	1
case_10_d_1_bn_1_PP_1_000	10	20.0	18.1818181818	1
case_10_d_1_bn_1_PP_1_000	11	18.1818181818	18.1818181818	1
case_10_d_2_bn_1_PP_1_000	1	100.0	9.09090909091	2
case_10_d_2_bn_1_PP_1_000	2	50.0	9.09090909091	2
case_10_d_2_bn_1_PP_1_000	3	33.3333333333	9.09090909091	2
case_10_d_2_bn_1_PP_1_000	4	25.0	9.09090909091	2
case_10_d_2_bn_1_PP_1_000	5	20.0	9.09090909091	2
case_10_d_2_bn_1_PP_1_000	6	33.3333333333	18.1818181818	2
case_10_d_2_bn_1_PP_1_000	7	28.5714285714	18.1818181818	2
case_10_d_2_bn_1_PP_1_000	8	25.0	18.1818181818	2
case_10_d_2_bn_1_PP_1_000	9	22.2222222222	18.1818181818	2
case_10_d_2_bn_1_PP_1_000	10	20.0	18.1818181818	2
case_10_d_2_bn_1_PP_1_000	11	18.1818181818	18.1818181818	2
case_10_d_3_bn_1_PP_1_000	1	0.0	0.0	3
case_10_d_3_bn_1_PP_1_000	2	50.0	9.09090909091	3
case_10_d_3_bn_1_PP_1_000	3	33.3333333333	9.09090909091	3
case_10_d_3_bn_1_PP_1_000	4	25.0	9.09090909091	3
case_10_d_3_bn_1_PP_1_000	5	20.0	9.09090909091	3
case_10_d_3_bn_1_PP_1_000	6	16.6666666667	9.09090909091	3
case_10_d_3_bn_1_PP_1_000	7	14.2857142857	9.09090909091	3
case_10_d_3_bn_1_PP_1_000	8	25.0	18.1818181818	3
case_10_d_3_bn_1_PP_1_000	9	22.2222222222	18.1818181818	3
case_10_d_3_bn_1_PP_1_000	10	20.0	18.1818181818	3
case_10_d_3_bn_1_PP_1_000	11	18.1818181818	18.1818181818	3
case_11_d_1_bn_1_PP_1_000	1	0.0	0.0	1
case_11_d_1_bn_1_PP_1_000	2	50.0	9.09090909091	1
case_11_d_1_bn_1_PP_1_000	3	33.3333333333	9.09090909091	1
case_11_d_1_bn_1_PP_1_000	4	25.0	9.09090909091	1
case_11_d_1_bn_1_PP_1_000	5	20.0	9.09090909091	1
case_11_d_1_bn_1_PP_1_000	6	16.6666666667	9.09090909091	1
case_11_d_1_bn_1_PP_1_000	7	28.5714285714	18.1818181818	1
case_11_d_1_bn_1_PP_1_000	8	25.0	18.1818181818	1
case_11_d_1_bn_1_PP_1_000	9	22.2222222222	18.1818181818	1
case_11_d_1_bn_1_PP_1_000	10	20.0	18.1818181818	1
case_11_d_1_bn_1_PP_1_000	11	18.1818181818	18.1818181818	1
case_11_d_2_bn_1_PP_1_000	1	0.0	0.0	2
case_11_d_2_bn_1_PP_1_000	2	0.0	0.0	2
case_11_d_2_bn_1_PP_1_000	3	33.3333333333	9.09090909091	2
case_11_d_2_bn_1_PP_1_000	4	25.0	9.09090909091	2
case_11_d_2_bn_1_PP_1_000	5	20.0	9.09090909091	2
case_11_d_2_bn_1_PP_1_000	6	16.6666666667	9.09090909091	2
case_11_d_2_bn_1_PP_1_000	7	14.2857142857	9.09090909091	2
case_11_d_2_bn_1_PP_1_000	8	12.5	9.09090909091	2
case_11_d_2_bn_1_PP_1_000	9	11.1111111111	9.09090909091	2
case_11_d_2_bn_1_PP_1_000	10	10.0	9.09090909091	2
case_11_d_2_bn_1_PP_1_000	11	9.09090909091	9.09090909091	2
case_11_d_3_bn_1_PP_1_000	1	0.0	0.0	3
case_11_d_3_bn_1_PP_1_000	2	0.0	0.0	3
case_11_d_3_bn_1_PP_1_000	3	0.0	0.0	3
case_11_d_3_bn_1_PP_1_000	4	0.0	0.0	3
case_11_d_3_bn_1_PP_1_000	5	20.0	9.09090909091	3
case_11_d_3_bn_1_PP_1_000	6	16.6666666667	9.09090909091	3
case_11_d_3_bn_1_PP_1_000	7	14.2857142857	9.09090909091	3
case_11_d_3_bn_1_PP_1_000	8	25.0	18.1818181818	3
case_11_d_3_bn_1_PP_1_000	9	22.2222222222	18.1818181818	3
case_11_d_3_bn_1_PP_1_000	10	20.0	18.1818181818	3
case_11_d_3_bn_1_PP_1_000	11	18.1818181818	18.1818181818	3
case_13_d_1_bn_1_PP_1_001	1	0.0	0.0	1
case_13_d_1_bn_1_PP_1_001	2	50.0	9.09090909091	1
case_13_d_1_bn_1_PP_1_001	3	33.3333333333	9.09090909091	1
case_13_d_1_bn_1_PP_1_001	4	25.0	9.09090909091	1
case_13_d_1_bn_1_PP_1_001	5	20.0	9.09090909091	1
case_13_d_1_bn_1_PP_1_001	6	16.6666666667	9.09090909091	1
case_13_d_1_bn_1_PP_1_001	7	14.2857142857	9.09090909091	1
case_13_d_1_bn_1_PP_1_001	8	12.5	9.09090909091	1
case_13_d_1_bn_1_PP_1_001	9	22.2222222222	18.1818181818	1
case_13_d_1_bn_1_PP_1_001	10	20.0	18.1818181818	1
case_13_d_1_bn_1_PP_1_001	11	18.1818181818	18.1818181818	1
case_13_d_2_bn_1_PP_1_001	1	100.0	9.09090909091	2
case_13_d_2_bn_1_PP_1_001	2	50.0	9.09090909091	2
case_13_d_2_bn_1_PP_1_001	3	66.6666666667	18.1818181818	2
case_13_d_2_bn_1_PP_1_001	4	50.0	18.1818181818	2
case_13_d_2_bn_1_PP_1_001	5	40.0	18.1818181818	2
case_13_d_2_bn_1_PP_1_001	6	33.3333333333	18.1818181818	2
case_13_d_2_bn_1_PP_1_001	7	28.5714285714	18.1818181818	2
case_13_d_2_bn_1_PP_1_001	8	25.0	18.1818181818	2
case_13_d_2_bn_1_PP_1_001	9	22.2222222222	18.1818181818	2
case_13_d_2_bn_1_PP_1_001	10	20.0	18.1818181818	2
case_13_d_2_bn_1_PP_1_001	11	18.1818181818	18.1818181818	2
case_13_d_3_bn_1_PP_1_001	1	0.0	0.0	3
case_13_d_3_bn_1_PP_1_001	2	0.0	0.0	3
case_13_d_3_bn_1_PP_1_001	3	33.3333333333	9.09090909091	3
case_13_d_3_bn_1_PP_1_001	4	25.0	9.09090909091	3
case_13_d_3_bn_1_PP_1_001	5	20.0	9.09090909091	3
case_13_d_3_bn_1_PP_1_001	6	33.3333333333	18.1818181818	3
case_13_d_3_bn_1_PP_1_001	7	28.5714285714	18.1818181818	3
case_13_d_3_bn_1_PP_1_001	8	25.0	18.1818181818	3
case_13_d_3_bn_1_PP_1_001	9	33.3333333333	27.2727272727	3
case_13_d_3_bn_1_PP_1_001	10	30.0	27.2727272727	3
case_13_d_3_bn_1_PP_1_001	11	27.2727272727	27.2727272727	3
case_15_d_1_bn_1_PP_1_000	1	0.0	0.0	1
case_15_d_1_bn_1_PP_1_000	2	0.0	0.0	1
case_15_d_1_bn_1_PP_1_000	3	33.3333333333	9.09090909091	1
case_15_d_1_bn_1_PP_1_000	4	25.0	9.09090909091	1
case_15_d_1_bn_1_PP_1_000	5	20.0	9.09090909091	1
case_15_d_1_bn_1_PP_1_000	6	16.6666666667	9.09090909091	1
case_15_d_1_bn_1_PP_1_000	7	14.2857142857	9.09090909091	1
case_15_d_1_bn_1_PP_1_000	8	12.5	9.09090909091	1
case_15_d_1_bn_1_PP_1_000	9	11.1111111111	9.09090909091	1
case_15_d_1_bn_1_PP_1_000	10	10.0	9.09090909091	1
case_15_d_1_bn_1_PP_1_000	11	9.09090909091	9.09090909091	1
case_15_d_2_bn_1_PP_1_000	1	0.0	0.0	2
case_15_d_2_bn_1_PP_1_000	2	0.0	0.0	2
case_15_d_2_bn_1_PP_1_000	3	33.3333333333	9.09090909091	2
case_15_d_2_bn_1_PP_1_000	4	25.0	9.09090909091	2
case_15_d_2_bn_1_PP_1_000	5	20.0	9.09090909091	2
case_15_d_2_bn_1_PP_1_000	6	16.6666666667	9.09090909091	2
case_15_d_2_bn_1_PP_1_000	7	14.2857142857	9.09090909091	2
case_15_d_2_bn_1_PP_1_000	8	12.5	9.09090909091	2
case_15_d_2_bn_1_PP_1_000	9	11.1111111111	9.09090909091	2
case_15_d_2_bn_1_PP_1_000	10	10.0	9.09090909091	2
case_15_d_2_bn_1_PP_1_000	11	9.09090909091	9.09090909091	2
case_15_d_3_bn_1_PP_1_000	1	0.0	0.0	3
case_15_d_3_bn_1_PP_1_000	2	0.0	0.0	3
case_15_d_3_bn_1_PP_1_000	3	33.3333333333	9.09090909091	3
case_15_d_3_bn_1_PP_1_000	4	25.0	9.09090909091	3
case_15_d_3_bn_1_PP_1_000	5	20.0	9.09090909091	3
case_15_d_3_bn_1_PP_1_000	6	16.6666666667	9.09090909091	3
case_15_d_3_bn_1_PP_1_000	7	14.2857142857	9.09090909091	3
case_15_d_3_bn_1_PP_1_000	8	12.5	9.09090909091	3
case_15_d_3_bn_1_PP_1_000	9	11.1111111111	9.09090909091	3
case_15_d_3_bn_1_PP_1_000	10	10.0	9.09090909091	3
case_15_d_3_bn_1_PP_1_000	11	9.09090909091	9.09090909091	3
case_17_d_1_bn_1_PP_1_010	1	100.0	9.09090909091	1
case_17_d_1_bn_1_PP_1_010	2	50.0	9.09090909091	1
case_17_d_1_bn_1_PP_1_010	3	33.3333333333	9.09090909091	1
case_17_d_1_bn_1_PP_1_010	4	25.0	9.09090909091	1
case_17_d_1_bn_1_PP_1_010	5	20.0	9.09090909091	1
case_17_d_1_bn_1_PP_1_010	6	16.6666666667	9.09090909091	1
case_17_d_1_bn_1_PP_1_010	7	28.5714285714	18.1818181818	1
case_17_d_1_bn_1_PP_1_010	8	25.0	18.1818181818	1
case_17_d_1_bn_1_PP_1_010	9	22.2222222222	18.1818181818	1
case_17_d_1_bn_1_PP_1_010	10	20.0	18.1818181818	1
case_17_d_1_bn_1_PP_1_010	11	18.1818181818	18.1818181818	1
case_17_d_2_bn_1_PP_1_010	1	100.0	9.09090909091	2
case_17_d_2_bn_1_PP_1_010	2	50.0	9.09090909091	2
case_17_d_2_bn_1_PP_1_010	3	33.3333333333	9.09090909091	2
case_17_d_2_bn_1_PP_1_010	4	25.0	9.09090909091	2
case_17_d_2_bn_1_PP_1_010	5	20.0	9.09090909091	2
case_17_d_2_bn_1_PP_1_010	6	16.6666666667	9.09090909091	2
case_17_d_2_bn_1_PP_1_010	7	14.2857142857	9.09090909091	2
case_17_d_2_bn_1_PP_1_010	8	12.5	9.09090909091	2
case_17_d_2_bn_1_PP_1_010	9	11.1111111111	9.09090909091	2
case_17_d_2_bn_1_PP_1_010	10	10.0	9.09090909091	2
case_17_d_2_bn_1_PP_1_010	11	9.09090909091	9.09090909091	2
case_17_d_3_bn_1_PP_1_010	1	0.0	0.0	3
case_17_d_3_bn_1_PP_1_010	2	50.0	9.09090909091	3
case_17_d_3_bn_1_PP_1_010	3	33.3333333333	9.09090909091	3
case_17_d_3_bn_1_PP_1_010	4	25.0	9.09090909091	3
case_17_d_3_bn_1_PP_1_010	5	20.0	9.09090909091	3
case_17_d_3_bn_1_PP_1_010	6	16.6666666667	9.09090909091	3
case_17_d_3_bn_1_PP_1_010	7	14.2857142857	9.09090909091	3
case_17_d_3_bn_1_PP_1_010	8	12.5	9.09090909091	3
case_17_d_3_bn_1_PP_1_010	9	11.1111111111	9.09090909091	3
case_17_d_3_bn_1_PP_1_010	10	10.0	9.09090909091	3
case_17_d_3_bn_1_PP_1_010	11	9.09090909091	9.09090909091	3
case_7_d_1_bn_1_PP_1_000	1	0.0	0.0	1
case_7_d_1_bn_1_PP_1_000	2	0.0	0.0	1
case_7_d_1_bn_1_PP_1_000	3	0.0	0.0	1
case_7_d_1_bn_1_PP_1_000	4	0.0	0.0	1
case_7_d_1_bn_1_PP_1_000	5	0.0	0.0	1
case_7_d_1_bn_1_PP_1_000	6	16.6666666667	9.09090909091	1
case_7_d_1_bn_1_PP_1_000	7	14.2857142857	9.09090909091	1
case_7_d_1_bn_1_PP_1_000	8	25.0	18.1818181818	1
case_7_d_1_bn_1_PP_1_000	9	22.2222222222	18.1818181818	1
case_7_d_1_bn_1_PP_1_000	10	20.0	18.1818181818	1
case_7_d_1_bn_1_PP_1_000	11	18.1818181818	18.1818181818	1
case_7_d_2_bn_1_PP_1_000	1	100.0	9.09090909091	2
case_7_d_2_bn_1_PP_1_000	2	50.0	9.09090909091	2
case_7_d_2_bn_1_PP_1_000	3	33.3333333333	9.09090909091	2
case_7_d_2_bn_1_PP_1_000	4	50.0	18.1818181818	2
case_7_d_2_bn_1_PP_1_000	5	40.0	18.1818181818	2
case_7_d_2_bn_1_PP_1_000	6	33.3333333333	18.1818181818	2
case_7_d_2_bn_1_PP_1_000	7	42.8571428571	27.2727272727	2
case_7_d_2_bn_1_PP_1_000	8	37.5	27.2727272727	2
case_7_d_2_bn_1_PP_1_000	9	33.3333333333	27.2727272727	2
case_7_d_2_bn_1_PP_1_000	10	30.0	27.2727272727	2
case_7_d_2_bn_1_PP_1_000	11	27.2727272727	27.2727272727	2
case_7_d_3_bn_1_PP_1_000	1	100.0	9.09090909091	3
case_7_d_3_bn_1_PP_1_000	2	100.0	18.1818181818	3
case_7_d_3_bn_1_PP_1_000	3	100.0	27.2727272727	3
case_7_d_3_bn_1_PP_1_000	4	100.0	36.3636363636	3
case_7_d_3_bn_1_PP_1_000	5	80.0	36.3636363636	3
case_7_d_3_bn_1_PP_1_000	6	66.6666666667	36.3636363636	3
case_7_d_3_bn_1_PP_1_000	7	71.4285714286	45.4545454545	3
case_7_d_3_bn_1_PP_1_000	8	75.0	54.5454545455	3
case_7_d_3_bn_1_PP_1_000	9	77.7777777778	63.6363636364	3
case_7_d_3_bn_1_PP_1_000	10	70.0	63.6363636364	3
case_7_d_3_bn_1_PP_1_000	11	63.6363636364	63.6363636364	3
case_8_d_1_bn_1_PP_1_000	1	100.0	9.09090909091	1
case_8_d_1_bn_1_PP_1_000	2	50.0	9.09090909091	1
case_8_d_1_bn_1_PP_1_000	3	33.3333333333	9.09090909091	1
case_8_d_1_bn_1_PP_1_000	4	25.0	9.09090909091	1
case_8_d_1_bn_1_PP_1_000	5	20.0	9.09090909091	1
case_8_d_1_bn_1_PP_1_000	6	16.6666666667	9.09090909091	1
case_8_d_1_bn_1_PP_1_000	7	14.2857142857	9.09090909091	1
case_8_d_1_bn_1_PP_1_000	8	25.0	18.1818181818	1
case_8_d_1_bn_1_PP_1_000	9	22.2222222222	18.1818181818	1
case_8_d_1_bn_1_PP_1_000	10	20.0	18.1818181818	1
case_8_d_1_bn_1_PP_1_000	11	27.2727272727	27.2727272727	1
case_8_d_2_bn_1_PP_1_000	1	100.0	9.09090909091	2
case_8_d_2_bn_1_PP_1_000	2	100.0	18.1818181818	2
case_8_d_2_bn_1_PP_1_000	3	66.6666666667	18.1818181818	2
case_8_d_2_bn_1_PP_1_000	4	75.0	27.2727272727	2
case_8_d_2_bn_1_PP_1_000	5	80.0	36.3636363636	2
case_8_d_2_bn_1_PP_1_000	6	66.6666666667	36.3636363636	2
case_8_d_2_bn_1_PP_1_000	7	57.1428571429	36.3636363636	2
case_8_d_2_bn_1_PP_1_000	8	50.0	36.3636363636	2
case_8_d_2_bn_1_PP_1_000	9	44.4444444444	36.3636363636	2
case_8_d_2_bn_1_PP_1_000	10	50.0	45.4545454545	2
case_8_d_2_bn_1_PP_1_000	11	45.4545454545	45.4545454545	2
case_8_d_3_bn_1_PP_1_000	1	100.0	9.09090909091	3
case_8_d_3_bn_1_PP_1_000	2	100.0	18.1818181818	3
case_8_d_3_bn_1_PP_1_000	3	66.6666666667	18.1818181818	3
case_8_d_3_bn_1_PP_1_000	4	50.0	18.1818181818	3
case_8_d_3_bn_1_PP_1_000	5	40.0	18.1818181818	3
case_8_d_3_bn_1_PP_1_000	6	33.3333333333	18.1818181818	3
case_8_d_3_bn_1_PP_1_000	7	28.5714285714	18.1818181818	3
case_8_d_3_bn_1_PP_1_000	8	25.0	18.1818181818	3
case_8_d_3_bn_1_PP_1_000	9	33.3333333333	27.2727272727	3
case_8_d_3_bn_1_PP_1_000	10	30.0	27.2727272727	3
case_8_d_3_bn_1_PP_1_000	11	27.2727272727	27.2727272727	3
case_9_d_1_bn_1_PP_1_000	1	0.0	0.0	1
case_9_d_1_bn_1_PP_1_000	2	50.0	9.09090909091	1
case_9_d_1_bn_1_PP_1_000	3	33.3333333333	9.09090909091	1
case_9_d_1_bn_1_PP_1_000	4	25.0	9.09090909091	1
case_9_d_1_bn_1_PP_1_000	5	40.0	18.1818181818	1
case_9_d_1_bn_1_PP_1_000	6	33.3333333333	18.1818181818	1
case_9_d_1_bn_1_PP_1_000	7	42.8571428571	27.2727272727	1
case_9_d_1_bn_1_PP_1_000	8	37.5	27.2727272727	1
case_9_d_1_bn_1_PP_1_000	9	33.3333333333	27.2727272727	1
case_9_d_1_bn_1_PP_1_000	10	30.0	27.2727272727	1
case_9_d_1_bn_1_PP_1_000	11	27.2727272727	27.2727272727	1
case_9_d_2_bn_1_PP_1_000	1	100.0	9.09090909091	2
case_9_d_2_bn_1_PP_1_000	2	100.0	18.1818181818	2
case_9_d_2_bn_1_PP_1_000	3	66.6666666667	18.1818181818	2
case_9_d_2_bn_1_PP_1_000	4	75.0	27.2727272727	2
case_9_d_2_bn_1_PP_1_000	5	80.0	36.3636363636	2
case_9_d_2_bn_1_PP_1_000	6	83.3333333333	45.4545454545	2
case_9_d_2_bn_1_PP_1_000	7	71.4285714286	45.4545454545	2
case_9_d_2_bn_1_PP_1_000	8	62.5	45.4545454545	2
case_9_d_2_bn_1_PP_1_000	9	55.5555555556	45.4545454545	2
case_9_d_2_bn_1_PP_1_000	10	50.0	45.4545454545	2
case_9_d_2_bn_1_PP_1_000	11	54.5454545455	54.5454545455	2
case_9_d_3_bn_1_PP_1_000	1	0.0	0.0	3
case_9_d_3_bn_1_PP_1_000	2	0.0	0.0	3
case_9_d_3_bn_1_PP_1_000	3	0.0	0.0	3
case_9_d_3_bn_1_PP_1_000	4	0.0	0.0	3
case_9_d_3_bn_1_PP_1_000	5	20.0	9.09090909091	3
case_9_d_3_bn_1_PP_1_000	6	33.3333333333	18.1818181818	3
case_9_d_3_bn_1_PP_1_000	7	28.5714285714	18.1818181818	3
case_9_d_3_bn_1_PP_1_000	8	37.5	27.2727272727	3
case_9_d_3_bn_1_PP_1_000	9	33.3333333333	27.2727272727	3
case_9_d_3_bn_1_PP_1_000	10	30.0	27.2727272727	3
case_9_d_3_bn_1_PP_1_000	11	27.2727272727	27.2727272727	3
