case_10_d_1_bn_1_PP_1_000	16	55.0547109141	29.6875	1
case_10_d_2_bn_1_PP_1_000	16	77.7536005661	37.5	2
case_11_d_1_bn_1_PP_1_000	16	70.3012612388	32.421875	1
case_11_d_2_bn_1_PP_1_000	16	71.6441110972	34.375	2
case_13_d_1_bn_1_PP_1_001	16	61.7781957626	29.296875	1
case_13_d_2_bn_1_PP_1_001	16	80.300723582	38.671875	2
case_15_d_1_bn_1_PP_1_000	16	74.6576600483	33.59375	1
case_15_d_2_bn_1_PP_1_000	16	73.0950039544	35.9375	2
case_17_d_1_bn_1_PP_1_010	16	61.7955568737	28.515625	1
case_17_d_2_bn_1_PP_1_010	16	78.9849993756	38.671875	2
case_7_d_1_bn_1_PP_1_000	11	0.0	0.0	1
case_7_d_2_bn_1_PP_1_000	16	74.3857704795	37.109375	2
case_9_d_1_bn_1_PP_1_000	16	70.5736971362	33.984375	1
case_9_d_2_bn_1_PP_1_000	16	71.0814966284	34.375	2
