case_10_d_1_bn_1_PP_1_000	11	13.6947396038	9.9173553719	1
case_10_d_2_bn_1_PP_1_000	11	79.8612750885	38.8429752066	2
case_11_d_1_bn_1_PP_1_000	11	2.56198347107	2.47933884298	1
case_11_d_2_bn_1_PP_1_000	11	84.1145218418	41.3223140496	2
case_13_d_1_bn_1_PP_1_001	11	12.5223009314	8.26446280992	1
case_13_d_2_bn_1_PP_1_001	11	85.6296733569	42.1487603306	2
case_15_d_1_bn_1_PP_1_000	11	10.7867637413	6.61157024793	1
case_15_d_2_bn_1_PP_1_000	11	77.1156368884	36.3636363636	2
case_17_d_1_bn_1_PP_1_010	11	18.3625213171	8.26446280992	1
case_17_d_2_bn_1_PP_1_010	11	74.3017840745	34.7107438017	2
case_7_d_1_bn_1_PP_1_000	11	30.2896825397	11.0	1
case_7_d_2_bn_1_PP_1_000	11	66.2606585334	30.5785123967	2
case_9_d_1_bn_1_PP_1_000	11	55.1856224583	28.0991735537	1
case_9_d_2_bn_1_PP_1_000	11	94.6923783287	49.5867768595	2
