case_10_d_1_bn_1_PP_1_000	1	100.0	4.54545454545	1
case_10_d_1_bn_1_PP_1_000	2	50.0	4.54545454545	1
case_10_d_1_bn_1_PP_1_000	3	33.3333333333	4.54545454545	1
case_10_d_1_bn_1_PP_1_000	4	25.0	4.54545454545	1
case_10_d_1_bn_1_PP_1_000	5	40.0	9.09090909091	1
case_10_d_1_bn_1_PP_1_000	6	33.3333333333	9.09090909091	1
case_10_d_1_bn_1_PP_1_000	7	28.5714285714	9.09090909091	1
case_10_d_1_bn_1_PP_1_000	8	25.0	9.09090909091	1
case_10_d_1_bn_1_PP_1_000	9	33.3333333333	13.6363636364	1
case_10_d_1_bn_1_PP_1_000	10	30.0	13.6363636364	1
case_10_d_1_bn_1_PP_1_000	11	27.2727272727	13.6363636364	1
case_10_d_1_bn_1_PP_1_000	12	25.0	13.6363636364	1
case_10_d_1_bn_1_PP_1_000	13	23.0769230769	13.6363636364	1
case_10_d_1_bn_1_PP_1_000	14	21.4285714286	13.6363636364	1
case_10_d_1_bn_1_PP_1_000	15	20.0	13.6363636364	1
case_10_d_1_bn_1_PP_1_000	16	18.75	13.6363636364	1
case_10_d_1_bn_1_PP_1_000	17	17.6470588235	13.6363636364	1
case_10_d_1_bn_1_PP_1_000	18	16.6666666667	13.6363636364	1
case_10_d_1_bn_1_PP_1_000	19	15.7894736842	13.6363636364	1
case_10_d_1_bn_1_PP_1_000	20	15.0	13.6363636364	1
case_10_d_1_bn_1_PP_1_000	21	14.2857142857	13.6363636364	1
case_10_d_1_bn_1_PP_1_000	22	13.6363636364	13.6363636364	1
case_10_d_2_bn_1_PP_1_000	1	100.0	4.34782608696	2
case_10_d_2_bn_1_PP_1_000	2	100.0	8.69565217391	2
case_10_d_2_bn_1_PP_1_000	3	100.0	13.0434782609	2
case_10_d_2_bn_1_PP_1_000	4	100.0	17.3913043478	2
case_10_d_2_bn_1_PP_1_000	5	100.0	21.7391304348	2
case_10_d_2_bn_1_PP_1_000	6	100.0	26.0869565217	2
case_10_d_2_bn_1_PP_1_000	7	100.0	30.4347826087	2
case_10_d_2_bn_1_PP_1_000	8	100.0	34.7826086957	2
case_10_d_2_bn_1_PP_1_000	9	100.0	39.1304347826	2
case_10_d_2_bn_1_PP_1_000	10	100.0	43.4782608696	2
case_10_d_2_bn_1_PP_1_000	11	90.9090909091	43.4782608696	2
case_10_d_2_bn_1_PP_1_000	12	91.6666666667	47.8260869565	2
case_10_d_2_bn_1_PP_1_000	13	92.3076923077	52.1739130435	2
case_10_d_2_bn_1_PP_1_000	14	92.8571428571	56.5217391304	2
case_10_d_2_bn_1_PP_1_000	15	86.6666666667	56.5217391304	2
case_10_d_2_bn_1_PP_1_000	16	87.5	60.8695652174	2
case_10_d_2_bn_1_PP_1_000	17	88.2352941176	65.2173913043	2
case_10_d_2_bn_1_PP_1_000	18	83.3333333333	65.2173913043	2
case_10_d_2_bn_1_PP_1_000	19	84.2105263158	69.5652173913	2
case_10_d_2_bn_1_PP_1_000	20	85.0	73.9130434783	2
case_10_d_2_bn_1_PP_1_000	21	85.7142857143	78.2608695652	2
case_10_d_2_bn_1_PP_1_000	22	81.8181818182	78.2608695652	2
case_10_d_2_bn_1_PP_1_000	23	78.2608695652	78.2608695652	2
case_11_d_1_bn_1_PP_1_000	1	100.0	4.54545454545	1
case_11_d_1_bn_1_PP_1_000	2	100.0	9.09090909091	1
case_11_d_1_bn_1_PP_1_000	3	100.0	13.6363636364	1
case_11_d_1_bn_1_PP_1_000	4	100.0	18.1818181818	1
case_11_d_1_bn_1_PP_1_000	5	80.0	18.1818181818	1
case_11_d_1_bn_1_PP_1_000	6	66.6666666667	18.1818181818	1
case_11_d_1_bn_1_PP_1_000	7	71.4285714286	22.7272727273	1
case_11_d_1_bn_1_PP_1_000	8	62.5	22.7272727273	1
case_11_d_1_bn_1_PP_1_000	9	55.5555555556	22.7272727273	1
case_11_d_1_bn_1_PP_1_000	10	50.0	22.7272727273	1
case_11_d_1_bn_1_PP_1_000	11	45.4545454545	22.7272727273	1
case_11_d_1_bn_1_PP_1_000	12	41.6666666667	22.7272727273	1
case_11_d_1_bn_1_PP_1_000	13	38.4615384615	22.7272727273	1
case_11_d_1_bn_1_PP_1_000	14	42.8571428571	27.2727272727	1
case_11_d_1_bn_1_PP_1_000	15	40.0	27.2727272727	1
case_11_d_1_bn_1_PP_1_000	16	37.5	27.2727272727	1
case_11_d_1_bn_1_PP_1_000	17	35.2941176471	27.2727272727	1
case_11_d_1_bn_1_PP_1_000	18	33.3333333333	27.2727272727	1
case_11_d_1_bn_1_PP_1_000	19	31.5789473684	27.2727272727	1
case_11_d_1_bn_1_PP_1_000	20	35.0	31.8181818182	1
case_11_d_1_bn_1_PP_1_000	21	33.3333333333	31.8181818182	1
case_11_d_1_bn_1_PP_1_000	22	31.8181818182	31.8181818182	1
case_11_d_2_bn_1_PP_1_000	1	100.0	4.34782608696	2
case_11_d_2_bn_1_PP_1_000	2	100.0	8.69565217391	2
case_11_d_2_bn_1_PP_1_000	3	100.0	13.0434782609	2
case_11_d_2_bn_1_PP_1_000	4	100.0	17.3913043478	2
case_11_d_2_bn_1_PP_1_000	5	100.0	21.7391304348	2
case_11_d_2_bn_1_PP_1_000	6	100.0	26.0869565217	2
case_11_d_2_bn_1_PP_1_000	7	100.0	30.4347826087	2
case_11_d_2_bn_1_PP_1_000	8	100.0	34.7826086957	2
case_11_d_2_bn_1_PP_1_000	9	100.0	39.1304347826	2
case_11_d_2_bn_1_PP_1_000	10	100.0	43.4782608696	2
case_11_d_2_bn_1_PP_1_000	11	100.0	47.8260869565	2
case_11_d_2_bn_1_PP_1_000	12	100.0	52.1739130435	2
case_11_d_2_bn_1_PP_1_000	13	92.3076923077	52.1739130435	2
case_11_d_2_bn_1_PP_1_000	14	92.8571428571	56.5217391304	2
case_11_d_2_bn_1_PP_1_000	15	86.6666666667	56.5217391304	2
case_11_d_2_bn_1_PP_1_000	16	81.25	56.5217391304	2
case_11_d_2_bn_1_PP_1_000	17	82.3529411765	60.8695652174	2
case_11_d_2_bn_1_PP_1_000	18	77.7777777778	60.8695652174	2
case_11_d_2_bn_1_PP_1_000	19	78.9473684211	65.2173913043	2
case_11_d_2_bn_1_PP_1_000	20	75.0	65.2173913043	2
case_11_d_2_bn_1_PP_1_000	21	76.1904761905	69.5652173913	2
case_11_d_2_bn_1_PP_1_000	22	77.2727272727	73.9130434783	2
case_11_d_2_bn_1_PP_1_000	23	73.9130434783	73.9130434783	2
case_13_d_1_bn_1_PP_1_001	1	100.0	4.54545454545	1
case_13_d_1_bn_1_PP_1_001	2	100.0	9.09090909091	1
case_13_d_1_bn_1_PP_1_001	3	66.6666666667	9.09090909091	1
case_13_d_1_bn_1_PP_1_001	4	50.0	9.09090909091	1
case_13_d_1_bn_1_PP_1_001	5	40.0	9.09090909091	1
case_13_d_1_bn_1_PP_1_001	6	33.3333333333	9.09090909091	1
case_13_d_1_bn_1_PP_1_001	7	28.5714285714	9.09090909091	1
case_13_d_1_bn_1_PP_1_001	8	37.5	13.6363636364	1
case_13_d_1_bn_1_PP_1_001	9	44.4444444444	18.1818181818	1
case_13_d_1_bn_1_PP_1_001	10	40.0	18.1818181818	1
case_13_d_1_bn_1_PP_1_001	11	36.3636363636	18.1818181818	1
case_13_d_1_bn_1_PP_1_001	12	33.3333333333	18.1818181818	1
case_13_d_1_bn_1_PP_1_001	13	30.7692307692	18.1818181818	1
case_13_d_1_bn_1_PP_1_001	14	28.5714285714	18.1818181818	1
case_13_d_1_bn_1_PP_1_001	15	26.6666666667	18.1818181818	1
case_13_d_1_bn_1_PP_1_001	16	25.0	18.1818181818	1
case_13_d_1_bn_1_PP_1_001	17	23.5294117647	18.1818181818	1
case_13_d_1_bn_1_PP_1_001	18	22.2222222222	18.1818181818	1
case_13_d_1_bn_1_PP_1_001	19	21.0526315789	18.1818181818	1
case_13_d_1_bn_1_PP_1_001	20	20.0	18.1818181818	1
case_13_d_1_bn_1_PP_1_001	21	19.0476190476	18.1818181818	1
case_13_d_1_bn_1_PP_1_001	22	18.1818181818	18.1818181818	1
case_13_d_2_bn_1_PP_1_001	1	100.0	4.34782608696	2
case_13_d_2_bn_1_PP_1_001	2	100.0	8.69565217391	2
case_13_d_2_bn_1_PP_1_001	3	100.0	13.0434782609	2
case_13_d_2_bn_1_PP_1_001	4	100.0	17.3913043478	2
case_13_d_2_bn_1_PP_1_001	5	100.0	21.7391304348	2
case_13_d_2_bn_1_PP_1_001	6	100.0	26.0869565217	2
case_13_d_2_bn_1_PP_1_001	7	100.0	30.4347826087	2
case_13_d_2_bn_1_PP_1_001	8	100.0	34.7826086957	2
case_13_d_2_bn_1_PP_1_001	9	100.0	39.1304347826	2
case_13_d_2_bn_1_PP_1_001	10	100.0	43.4782608696	2
case_13_d_2_bn_1_PP_1_001	11	100.0	47.8260869565	2
case_13_d_2_bn_1_PP_1_001	12	100.0	52.1739130435	2
case_13_d_2_bn_1_PP_1_001	13	100.0	56.5217391304	2
case_13_d_2_bn_1_PP_1_001	14	100.0	60.8695652174	2
case_13_d_2_bn_1_PP_1_001	15	100.0	65.2173913043	2
case_13_d_2_bn_1_PP_1_001	16	100.0	69.5652173913	2
case_13_d_2_bn_1_PP_1_001	17	94.1176470588	69.5652173913	2
case_13_d_2_bn_1_PP_1_001	18	94.4444444444	73.9130434783	2
case_13_d_2_bn_1_PP_1_001	19	94.7368421053	78.2608695652	2
case_13_d_2_bn_1_PP_1_001	20	90.0	78.2608695652	2
case_13_d_2_bn_1_PP_1_001	21	85.7142857143	78.2608695652	2
case_13_d_2_bn_1_PP_1_001	22	81.8181818182	78.2608695652	2
case_13_d_2_bn_1_PP_1_001	23	78.2608695652	78.2608695652	2
case_15_d_1_bn_1_PP_1_000	1	100.0	4.54545454545	1
case_15_d_1_bn_1_PP_1_000	2	50.0	4.54545454545	1
case_15_d_1_bn_1_PP_1_000	3	33.3333333333	4.54545454545	1
case_15_d_1_bn_1_PP_1_000	4	50.0	9.09090909091	1
case_15_d_1_bn_1_PP_1_000	5	40.0	9.09090909091	1
case_15_d_1_bn_1_PP_1_000	6	33.3333333333	9.09090909091	1
case_15_d_1_bn_1_PP_1_000	7	28.5714285714	9.09090909091	1
case_15_d_1_bn_1_PP_1_000	8	25.0	9.09090909091	1
case_15_d_1_bn_1_PP_1_000	9	22.2222222222	9.09090909091	1
case_15_d_1_bn_1_PP_1_000	10	30.0	13.6363636364	1
case_15_d_1_bn_1_PP_1_000	11	27.2727272727	13.6363636364	1
case_15_d_1_bn_1_PP_1_000	12	25.0	13.6363636364	1
case_15_d_1_bn_1_PP_1_000	13	23.0769230769	13.6363636364	1
case_15_d_1_bn_1_PP_1_000	14	21.4285714286	13.6363636364	1
case_15_d_1_bn_1_PP_1_000	15	20.0	13.6363636364	1
case_15_d_1_bn_1_PP_1_000	16	18.75	13.6363636364	1
case_15_d_1_bn_1_PP_1_000	17	17.6470588235	13.6363636364	1
case_15_d_1_bn_1_PP_1_000	18	22.2222222222	18.1818181818	1
case_15_d_1_bn_1_PP_1_000	19	21.0526315789	18.1818181818	1
case_15_d_1_bn_1_PP_1_000	20	20.0	18.1818181818	1
case_15_d_1_bn_1_PP_1_000	21	19.0476190476	18.1818181818	1
case_15_d_1_bn_1_PP_1_000	22	18.1818181818	18.1818181818	1
case_15_d_2_bn_1_PP_1_000	1	100.0	4.54545454545	2
case_15_d_2_bn_1_PP_1_000	2	100.0	9.09090909091	2
case_15_d_2_bn_1_PP_1_000	3	100.0	13.6363636364	2
case_15_d_2_bn_1_PP_1_000	4	100.0	18.1818181818	2
case_15_d_2_bn_1_PP_1_000	5	100.0	22.7272727273	2
case_15_d_2_bn_1_PP_1_000	6	100.0	27.2727272727	2
case_15_d_2_bn_1_PP_1_000	7	100.0	31.8181818182	2
case_15_d_2_bn_1_PP_1_000	8	100.0	36.3636363636	2
case_15_d_2_bn_1_PP_1_000	9	100.0	40.9090909091	2
case_15_d_2_bn_1_PP_1_000	10	100.0	45.4545454545	2
case_15_d_2_bn_1_PP_1_000	11	100.0	50.0	2
case_15_d_2_bn_1_PP_1_000	12	100.0	54.5454545455	2
case_15_d_2_bn_1_PP_1_000	13	100.0	59.0909090909	2
case_15_d_2_bn_1_PP_1_000	14	100.0	63.6363636364	2
case_15_d_2_bn_1_PP_1_000	15	93.3333333333	63.6363636364	2
case_15_d_2_bn_1_PP_1_000	16	93.75	68.1818181818	2
case_15_d_2_bn_1_PP_1_000	17	94.1176470588	72.7272727273	2
case_15_d_2_bn_1_PP_1_000	18	88.8888888889	72.7272727273	2
case_15_d_2_bn_1_PP_1_000	19	89.4736842105	77.2727272727	2
case_15_d_2_bn_1_PP_1_000	20	90.0	81.8181818182	2
case_15_d_2_bn_1_PP_1_000	21	90.4761904762	86.3636363636	2
case_15_d_2_bn_1_PP_1_000	22	90.9090909091	90.9090909091	2
case_17_d_1_bn_1_PP_1_010	1	100.0	4.54545454545	1
case_17_d_1_bn_1_PP_1_010	2	50.0	4.54545454545	1
case_17_d_1_bn_1_PP_1_010	3	33.3333333333	4.54545454545	1
case_17_d_1_bn_1_PP_1_010	4	25.0	4.54545454545	1
case_17_d_1_bn_1_PP_1_010	5	20.0	4.54545454545	1
case_17_d_1_bn_1_PP_1_010	6	16.6666666667	4.54545454545	1
case_17_d_1_bn_1_PP_1_010	7	14.2857142857	4.54545454545	1
case_17_d_1_bn_1_PP_1_010	8	12.5	4.54545454545	1
case_17_d_1_bn_1_PP_1_010	9	11.1111111111	4.54545454545	1
case_17_d_1_bn_1_PP_1_010	10	20.0	9.09090909091	1
case_17_d_1_bn_1_PP_1_010	11	18.1818181818	9.09090909091	1
case_17_d_1_bn_1_PP_1_010	12	16.6666666667	9.09090909091	1
case_17_d_1_bn_1_PP_1_010	13	15.3846153846	9.09090909091	1
case_17_d_1_bn_1_PP_1_010	14	14.2857142857	9.09090909091	1
case_17_d_1_bn_1_PP_1_010	15	20.0	13.6363636364	1
case_17_d_1_bn_1_PP_1_010	16	18.75	13.6363636364	1
case_17_d_1_bn_1_PP_1_010	17	17.6470588235	13.6363636364	1
case_17_d_1_bn_1_PP_1_010	18	22.2222222222	18.1818181818	1
case_17_d_1_bn_1_PP_1_010	19	21.0526315789	18.1818181818	1
case_17_d_1_bn_1_PP_1_010	20	20.0	18.1818181818	1
case_17_d_1_bn_1_PP_1_010	21	19.0476190476	18.1818181818	1
case_17_d_1_bn_1_PP_1_010	22	18.1818181818	18.1818181818	1
case_17_d_2_bn_1_PP_1_010	1	100.0	4.54545454545	2
case_17_d_2_bn_1_PP_1_010	2	100.0	9.09090909091	2
case_17_d_2_bn_1_PP_1_010	3	100.0	13.6363636364	2
case_17_d_2_bn_1_PP_1_010	4	100.0	18.1818181818	2
case_17_d_2_bn_1_PP_1_010	5	100.0	22.7272727273	2
case_17_d_2_bn_1_PP_1_010	6	100.0	27.2727272727	2
case_17_d_2_bn_1_PP_1_010	7	100.0	31.8181818182	2
case_17_d_2_bn_1_PP_1_010	8	100.0	36.3636363636	2
case_17_d_2_bn_1_PP_1_010	9	100.0	40.9090909091	2
case_17_d_2_bn_1_PP_1_010	10	100.0	45.4545454545	2
case_17_d_2_bn_1_PP_1_010	11	100.0	50.0	2
case_17_d_2_bn_1_PP_1_010	12	100.0	54.5454545455	2
case_17_d_2_bn_1_PP_1_010	13	100.0	59.0909090909	2
case_17_d_2_bn_1_PP_1_010	14	100.0	63.6363636364	2
case_17_d_2_bn_1_PP_1_010	15	100.0	68.1818181818	2
case_17_d_2_bn_1_PP_1_010	16	93.75	68.1818181818	2
case_17_d_2_bn_1_PP_1_010	17	88.2352941176	68.1818181818	2
case_17_d_2_bn_1_PP_1_010	18	83.3333333333	68.1818181818	2
case_17_d_2_bn_1_PP_1_010	19	78.9473684211	68.1818181818	2
case_17_d_2_bn_1_PP_1_010	20	75.0	68.1818181818	2
case_17_d_2_bn_1_PP_1_010	21	76.1904761905	72.7272727273	2
case_17_d_2_bn_1_PP_1_010	22	77.2727272727	77.2727272727	2
case_7_d_1_bn_1_PP_1_000	24	0.0	0.0	1
case_7_d_2_bn_1_PP_1_000	1	100.0	4.54545454545	2
case_7_d_2_bn_1_PP_1_000	2	100.0	9.09090909091	2
case_7_d_2_bn_1_PP_1_000	3	100.0	13.6363636364	2
case_7_d_2_bn_1_PP_1_000	4	100.0	18.1818181818	2
case_7_d_2_bn_1_PP_1_000	5	100.0	22.7272727273	2
case_7_d_2_bn_1_PP_1_000	6	100.0	27.2727272727	2
case_7_d_2_bn_1_PP_1_000	7	85.7142857143	27.2727272727	2
case_7_d_2_bn_1_PP_1_000	8	87.5	31.8181818182	2
case_7_d_2_bn_1_PP_1_000	9	88.8888888889	36.3636363636	2
case_7_d_2_bn_1_PP_1_000	10	90.0	40.9090909091	2
case_7_d_2_bn_1_PP_1_000	11	90.9090909091	45.4545454545	2
case_7_d_2_bn_1_PP_1_000	12	91.6666666667	50.0	2
case_7_d_2_bn_1_PP_1_000	13	92.3076923077	54.5454545455	2
case_7_d_2_bn_1_PP_1_000	14	92.8571428571	59.0909090909	2
case_7_d_2_bn_1_PP_1_000	15	93.3333333333	63.6363636364	2
case_7_d_2_bn_1_PP_1_000	16	93.75	68.1818181818	2
case_7_d_2_bn_1_PP_1_000	17	88.2352941176	68.1818181818	2
case_7_d_2_bn_1_PP_1_000	18	88.8888888889	72.7272727273	2
case_7_d_2_bn_1_PP_1_000	19	89.4736842105	77.2727272727	2
case_7_d_2_bn_1_PP_1_000	20	85.0	77.2727272727	2
case_7_d_2_bn_1_PP_1_000	21	85.7142857143	81.8181818182	2
case_7_d_2_bn_1_PP_1_000	22	81.8181818182	81.8181818182	2
case_9_d_1_bn_1_PP_1_000	1	100.0	4.54545454545	1
case_9_d_1_bn_1_PP_1_000	2	100.0	9.09090909091	1
case_9_d_1_bn_1_PP_1_000	3	100.0	13.6363636364	1
case_9_d_1_bn_1_PP_1_000	4	100.0	18.1818181818	1
case_9_d_1_bn_1_PP_1_000	5	100.0	22.7272727273	1
case_9_d_1_bn_1_PP_1_000	6	100.0	27.2727272727	1
case_9_d_1_bn_1_PP_1_000	7	85.7142857143	27.2727272727	1
case_9_d_1_bn_1_PP_1_000	8	87.5	31.8181818182	1
case_9_d_1_bn_1_PP_1_000	9	88.8888888889	36.3636363636	1
case_9_d_1_bn_1_PP_1_000	10	90.0	40.9090909091	1
case_9_d_1_bn_1_PP_1_000	11	81.8181818182	40.9090909091	1
case_9_d_1_bn_1_PP_1_000	12	83.3333333333	45.4545454545	1
case_9_d_1_bn_1_PP_1_000	13	84.6153846154	50.0	1
case_9_d_1_bn_1_PP_1_000	14	85.7142857143	54.5454545455	1
case_9_d_1_bn_1_PP_1_000	15	86.6666666667	59.0909090909	1
case_9_d_1_bn_1_PP_1_000	16	87.5	63.6363636364	1
case_9_d_1_bn_1_PP_1_000	17	82.3529411765	63.6363636364	1
case_9_d_1_bn_1_PP_1_000	18	77.7777777778	63.6363636364	1
case_9_d_1_bn_1_PP_1_000	19	78.9473684211	68.1818181818	1
case_9_d_1_bn_1_PP_1_000	20	75.0	68.1818181818	1
case_9_d_1_bn_1_PP_1_000	21	71.4285714286	68.1818181818	1
case_9_d_1_bn_1_PP_1_000	22	72.7272727273	72.7272727273	1
case_9_d_2_bn_1_PP_1_000	1	100.0	4.16666666667	2
case_9_d_2_bn_1_PP_1_000	2	100.0	8.33333333333	2
case_9_d_2_bn_1_PP_1_000	3	100.0	12.5	2
case_9_d_2_bn_1_PP_1_000	4	100.0	16.6666666667	2
case_9_d_2_bn_1_PP_1_000	5	100.0	20.8333333333	2
case_9_d_2_bn_1_PP_1_000	6	100.0	25.0	2
case_9_d_2_bn_1_PP_1_000	7	100.0	29.1666666667	2
case_9_d_2_bn_1_PP_1_000	8	100.0	33.3333333333	2
case_9_d_2_bn_1_PP_1_000	9	100.0	37.5	2
case_9_d_2_bn_1_PP_1_000	10	100.0	41.6666666667	2
case_9_d_2_bn_1_PP_1_000	11	90.9090909091	41.6666666667	2
case_9_d_2_bn_1_PP_1_000	12	91.6666666667	45.8333333333	2
case_9_d_2_bn_1_PP_1_000	13	92.3076923077	50.0	2
case_9_d_2_bn_1_PP_1_000	14	92.8571428571	54.1666666667	2
case_9_d_2_bn_1_PP_1_000	15	93.3333333333	58.3333333333	2
case_9_d_2_bn_1_PP_1_000	16	93.75	62.5	2
case_9_d_2_bn_1_PP_1_000	17	94.1176470588	66.6666666667	2
case_9_d_2_bn_1_PP_1_000	18	88.8888888889	66.6666666667	2
case_9_d_2_bn_1_PP_1_000	19	89.4736842105	70.8333333333	2
case_9_d_2_bn_1_PP_1_000	20	85.0	70.8333333333	2
case_9_d_2_bn_1_PP_1_000	21	80.9523809524	70.8333333333	2
case_9_d_2_bn_1_PP_1_000	22	81.8181818182	75.0	2
case_9_d_2_bn_1_PP_1_000	23	78.2608695652	75.0	2
case_9_d_2_bn_1_PP_1_000	24	75.0	75.0	2
