case_10_d_1_bn_1_PP_1_000	23	84.2678229285	39.8865784499	1
case_10_d_2_bn_1_PP_1_000	25	97.7841483155	49.92	2
case_11_d_1_bn_1_PP_1_000	23	88.2386200519	42.3440453686	1
case_11_d_2_bn_1_PP_1_000	25	97.0900187033	49.44	2
case_13_d_1_bn_1_PP_1_001	23	84.5604810068	40.0756143667	1
case_13_d_2_bn_1_PP_1_001	25	96.5446075663	48.8	2
case_15_d_1_bn_1_PP_1_000	23	85.8698535527	41.2098298677	1
case_15_d_2_bn_1_PP_1_000	25	94.8094805331	47.52	2
case_17_d_1_bn_1_PP_1_010	23	85.2205671638	41.0207939509	1
case_17_d_2_bn_1_PP_1_010	25	92.0843061812	45.44	2
case_7_d_1_bn_1_PP_1_000	25	0.0	0.0	1
case_7_d_2_bn_1_PP_1_000	24	74.3849396697	34.375	2
case_9_d_1_bn_1_PP_1_000	23	95.1397405846	48.0151228733	1
case_9_d_2_bn_1_PP_1_000	25	92.0161828426	45.44	2
