case_10_d_1_bn_1_PP_1_000	11	84.1145218418	41.3223140496	1
case_10_d_2_bn_1_PP_1_000	11	97.2543617998	52.0661157025	2
case_11_d_1_bn_1_PP_1_000	11	79.4824872098	38.8429752066	1
case_11_d_2_bn_1_PP_1_000	11	99.173553719	53.7190082645	2
case_13_d_1_bn_1_PP_1_001	11	82.8158205431	40.4958677686	1
case_13_d_2_bn_1_PP_1_001	11	96.4279155188	51.2396694215	2
case_15_d_1_bn_1_PP_1_000	11	74.5582447855	37.1900826446	1
case_15_d_2_bn_1_PP_1_000	11	95.5188246097	50.4132231405	2
case_17_d_1_bn_1_PP_1_010	11	80.9976387249	39.6694214876	1
case_17_d_2_bn_1_PP_1_010	11	93.5560146924	48.7603305785	2
case_7_d_1_bn_1_PP_1_000	13	0.0	0.0	1
case_7_d_2_bn_1_PP_1_000	11	100.0	54.5454545455	2
case_9_d_1_bn_1_PP_1_000	11	96.4279155188	51.2396694215	1
case_9_d_2_bn_1_PP_1_000	11	94.6923783287	49.5867768595	2
