case_10_d_1_bn_1_PP_1_000	22	28.5056785203	11.1570247934	1
case_10_d_2_bn_1_PP_1_000	23	92.5425978379	46.3137996219	2
case_11_d_1_bn_1_PP_1_000	22	56.020390936	22.7272727273	1
case_11_d_2_bn_1_PP_1_000	23	91.0667754847	44.8015122873	2
case_13_d_1_bn_1_PP_1_001	22	38.4206305234	14.8760330579	1
case_13_d_2_bn_1_PP_1_001	23	96.4822726394	48.9603024575	2
case_15_d_1_bn_1_PP_1_000	22	30.2790858678	12.1900826446	1
case_15_d_2_bn_1_PP_1_000	22	96.8613106762	49.5867768595	2
case_17_d_1_bn_1_PP_1_010	22	23.8325904441	9.9173553719	1
case_17_d_2_bn_1_PP_1_010	22	94.2149636061	47.1074380165	2
case_7_d_1_bn_1_PP_1_000	24	0.0	0.0	1
case_7_d_2_bn_1_PP_1_000	22	92.0935197921	46.9008264463	2
case_9_d_1_bn_1_PP_1_000	22	87.2720435583	43.1818181818	1
case_9_d_2_bn_1_PP_1_000	24	92.8473157737	46.3541666667	2
