case_10_d_1_bn_1_PP_1_000	9	98.7654320988	54.3209876543	1
case_10_d_2_bn_1_PP_1_000	9	98.7654320988	54.3209876543	2
case_10_d_3_bn_1_PP_1_000	9	91.9312169312	48.1481481481	3
case_11_d_1_bn_1_PP_1_000	9	92.7028218695	49.3827160494	1
case_11_d_2_bn_1_PP_1_000	9	60.4982363316	37.037037037	2
case_11_d_3_bn_1_PP_1_000	9	96.1419753086	51.8518518519	3
case_13_d_1_bn_1_PP_1_001	9	98.7654320988	54.3209876543	1
case_13_d_2_bn_1_PP_1_001	9	92.7028218695	49.3827160494	2
case_13_d_3_bn_1_PP_1_001	9	95.7892416226	51.8518518519	3
case_15_d_1_bn_1_PP_1_000	9	79.417989418	40.7407407407	1
case_15_d_2_bn_1_PP_1_000	9	97.3765432099	53.0864197531	2
case_15_d_3_bn_1_PP_1_000	9	83.0291005291	41.975308642	3
case_17_d_1_bn_1_PP_1_010	9	93.1657848325	49.3827160494	1
case_17_d_2_bn_1_PP_1_010	9	98.7654320988	54.3209876543	2
case_17_d_3_bn_1_PP_1_010	9	100.0	55.5555555556	3
case_7_d_1_bn_1_PP_1_000	9	66.102292769	32.0987654321	1
case_7_d_2_bn_1_PP_1_000	9	57.8174603175	25.9259259259	2
case_7_d_3_bn_1_PP_1_000	9	26.3844797178	14.8148148148	3
case_8_d_1_bn_1_PP_1_000	9	87.5044091711	45.6790123457	1
case_8_d_2_bn_1_PP_1_000	9	53.6463844797	33.3333333333	2
case_8_d_3_bn_1_PP_1_000	9	8.2848324515	6.17283950617	3
case_9_d_1_bn_1_PP_1_000	9	97.3765432099	53.0864197531	1
case_9_d_2_bn_1_PP_1_000	9	60.0396825397	27.1604938272	2
case_9_d_3_bn_1_PP_1_000	9	64.9118165785	37.037037037	3
