case_10_d_1_bn_1_PP_1_000	11	42.0969434606	17.3553719008	1
case_10_d_2_bn_1_PP_1_000	11	49.196838515	23.1404958678	2
case_10_d_3_bn_1_PP_1_000	11	47.5514889151	19.0082644628	3
case_11_d_1_bn_1_PP_1_000	11	46.642398006	18.1818181818	1
case_11_d_2_bn_1_PP_1_000	11	34.0810704447	14.8760330579	2
case_11_d_3_bn_1_PP_1_000	11	63.2985701168	28.9256198347	3
case_13_d_1_bn_1_PP_1_001	11	34.3696707333	14.8760330579	1
case_13_d_2_bn_1_PP_1_001	11	42.8837072019	20.6611570248	2
case_13_d_3_bn_1_PP_1_001	11	42.7213695396	19.8347107438	3
case_15_d_1_bn_1_PP_1_000	11	39.8494687131	18.1818181818	1
case_15_d_2_bn_1_PP_1_000	11	43.6704709432	25.6198347107	2
case_15_d_3_bn_1_PP_1_000	11	38.2401941493	15.7024793388	3
case_17_d_1_bn_1_PP_1_010	11	35.9392627574	21.4876033058	1
case_17_d_2_bn_1_PP_1_010	11	45.1524990161	19.8347107438	2
case_17_d_3_bn_1_PP_1_010	11	27.453430408	9.09090909091	3
case_7_d_1_bn_1_PP_1_000	11	10.5778564869	8.26446280992	1
case_7_d_2_bn_1_PP_1_000	11	43.4208972845	19.8347107438	2
case_7_d_3_bn_1_PP_1_000	11	82.2281254099	41.3223140496	3
case_8_d_1_bn_1_PP_1_000	11	32.1618785255	13.2231404959	1
case_8_d_2_bn_1_PP_1_000	11	66.852289125	31.4049586777	2
case_8_d_3_bn_1_PP_1_000	11	48.5615899252	19.8347107438	3
case_9_d_1_bn_1_PP_1_000	11	54.2765315493	27.2727272727	1
case_9_d_2_bn_1_PP_1_000	11	73.3277581005	34.7107438017	2
case_9_d_3_bn_1_PP_1_000	11	25.2787616424	14.0495867769	3
