case_10_d_1_bn_1_PP_1_000	5	97.8333333333	58.0	1
case_10_d_2_bn_1_PP_1_000	5	91.1111111111	53.3333333333	2
case_10_d_3_bn_1_PP_1_000	5	100.0	60.0	3
case_11_d_1_bn_1_PP_1_000	5	96.6666666667	56.6666666667	1
case_11_d_2_bn_1_PP_1_000	5	93.2222222222	54.0	2
case_11_d_3_bn_1_PP_1_000	5	100.0	60.0	3
case_13_d_1_bn_1_PP_1_001	5	100.0	60.0	1
case_13_d_2_bn_1_PP_1_001	5	96.7222222222	57.3333333333	2
case_13_d_3_bn_1_PP_1_001	5	97.3333333333	57.3333333333	3
case_15_d_1_bn_1_PP_1_000	5	95.0	55.3333333333	1
case_15_d_2_bn_1_PP_1_000	5	86.1111111111	48.6666666667	2
case_15_d_3_bn_1_PP_1_000	5	96.5	56.6666666667	3
case_17_d_1_bn_1_PP_1_010	5	93.2222222222	54.0	1
case_17_d_2_bn_1_PP_1_010	5	88.1111111111	50.6666666667	2
case_17_d_3_bn_1_PP_1_010	5	99.3333333333	59.3333333333	3
case_7_d_1_bn_1_PP_1_000	5	65.0555555556	38.0	1
case_7_d_2_bn_1_PP_1_000	5	73.9444444444	41.3333333333	2
case_7_d_3_bn_1_PP_1_000	5	63.5555555556	36.6666666667	3
case_8_d_1_bn_1_PP_1_000	5	75.8888888889	43.3333333333	1
case_8_d_2_bn_1_PP_1_000	5	83.2777777778	48.6666666667	2
case_8_d_3_bn_1_PP_1_000	5	87.3888888889	52.0	3
case_9_d_1_bn_1_PP_1_000	5	79.1666666667	46.0	1
case_9_d_2_bn_1_PP_1_000	5	96.6666666667	56.6666666667	2
case_9_d_3_bn_1_PP_1_000	5	72.9444444444	42.0	3
