case_10_d_1_bn_1_PP_1_000	1	100.0	20.0	1
case_10_d_1_bn_1_PP_1_000	2	100.0	40.0	1
case_10_d_1_bn_1_PP_1_000	3	100.0	60.0	1
case_10_d_1_bn_1_PP_1_000	4	100.0	80.0	1
case_10_d_1_bn_1_PP_1_000	5	100.0	100.0	1
case_10_d_2_bn_1_PP_1_000	1	100.0	20.0	2
case_10_d_2_bn_1_PP_1_000	2	100.0	40.0	2
case_10_d_2_bn_1_PP_1_000	3	100.0	60.0	2
case_10_d_2_bn_1_PP_1_000	4	100.0	80.0	2
case_10_d_2_bn_1_PP_1_000	5	80.0	80.0	2
case_10_d_3_bn_1_PP_1_000	1	100.0	20.0	3
case_10_d_3_bn_1_PP_1_000	2	100.0	40.0	3
case_10_d_3_bn_1_PP_1_000	3	100.0	60.0	3
case_10_d_3_bn_1_PP_1_000	4	100.0	80.0	3
case_10_d_3_bn_1_PP_1_000	5	100.0	100.0	3
