case_10_d_1_bn_1_PP_1_000	1	100.0	11.1111111111	1
case_10_d_1_bn_1_PP_1_000	2	100.0	22.2222222222	1
case_10_d_1_bn_1_PP_1_000	3	66.6666666667	22.2222222222	1
case_10_d_1_bn_1_PP_1_000	4	75.0	33.3333333333	1
case_10_d_1_bn_1_PP_1_000	5	60.0	33.3333333333	1
case_10_d_1_bn_1_PP_1_000	6	66.6666666667	44.4444444444	1
case_10_d_1_bn_1_PP_1_000	7	57.1428571429	44.4444444444	1
case_10_d_1_bn_1_PP_1_000	8	50.0	44.4444444444	1
case_10_d_1_bn_1_PP_1_000	9	55.5555555556	55.5555555556	1
case_10_d_2_bn_1_PP_1_000	1	100.0	11.1111111111	2
case_10_d_2_bn_1_PP_1_000	2	100.0	22.2222222222	2
case_10_d_2_bn_1_PP_1_000	3	100.0	33.3333333333	2
case_10_d_2_bn_1_PP_1_000	4	100.0	44.4444444444	2
case_10_d_2_bn_1_PP_1_000	5	100.0	55.5555555556	2
case_10_d_2_bn_1_PP_1_000	6	100.0	66.6666666667	2
case_10_d_2_bn_1_PP_1_000	7	100.0	77.7777777778	2
case_10_d_2_bn_1_PP_1_000	8	100.0	88.8888888889	2
case_10_d_2_bn_1_PP_1_000	9	88.8888888889	88.8888888889	2
case_10_d_3_bn_1_PP_1_000	1	100.0	11.1111111111	3
case_10_d_3_bn_1_PP_1_000	2	100.0	22.2222222222	3
case_10_d_3_bn_1_PP_1_000	3	66.6666666667	22.2222222222	3
case_10_d_3_bn_1_PP_1_000	4	75.0	33.3333333333	3
case_10_d_3_bn_1_PP_1_000	5	60.0	33.3333333333	3
case_10_d_3_bn_1_PP_1_000	6	66.6666666667	44.4444444444	3
case_10_d_3_bn_1_PP_1_000	7	71.4285714286	55.5555555556	3
case_10_d_3_bn_1_PP_1_000	8	75.0	66.6666666667	3
case_10_d_3_bn_1_PP_1_000	9	66.6666666667	66.6666666667	3
case_7_d_1_bn_1_PP_1_000	1	100.0	11.1111111111	1
case_7_d_1_bn_1_PP_1_000	2	100.0	22.2222222222	1
case_7_d_1_bn_1_PP_1_000	3	100.0	33.3333333333	1
case_7_d_1_bn_1_PP_1_000	4	100.0	44.4444444444	1
case_7_d_1_bn_1_PP_1_000	5	80.0	44.4444444444	1
case_7_d_1_bn_1_PP_1_000	6	66.6666666667	44.4444444444	1
case_7_d_1_bn_1_PP_1_000	7	57.1428571429	44.4444444444	1
case_7_d_1_bn_1_PP_1_000	8	62.5	55.5555555556	1
case_7_d_1_bn_1_PP_1_000	9	55.5555555556	55.5555555556	1
case_7_d_2_bn_1_PP_1_000	1	0.0	0.0	2
case_7_d_2_bn_1_PP_1_000	2	0.0	0.0	2
case_7_d_2_bn_1_PP_1_000	3	0.0	0.0	2
case_7_d_2_bn_1_PP_1_000	4	0.0	0.0	2
case_7_d_2_bn_1_PP_1_000	5	0.0	0.0	2
case_7_d_2_bn_1_PP_1_000	6	0.0	0.0	2
case_7_d_2_bn_1_PP_1_000	7	0.0	0.0	2
case_7_d_2_bn_1_PP_1_000	8	0.0	0.0	2
case_7_d_2_bn_1_PP_1_000	9	0.0	0.0	2
case_7_d_3_bn_1_PP_1_000	1	0.0	0.0	3
case_7_d_3_bn_1_PP_1_000	2	50.0	11.1111111111	3
case_7_d_3_bn_1_PP_1_000	3	33.3333333333	11.1111111111	3
case_7_d_3_bn_1_PP_1_000	4	25.0	11.1111111111	3
case_7_d_3_bn_1_PP_1_000	5	40.0	22.2222222222	3
case_7_d_3_bn_1_PP_1_000	6	33.3333333333	22.2222222222	3
case_7_d_3_bn_1_PP_1_000	7	42.8571428571	33.3333333333	3
case_7_d_3_bn_1_PP_1_000	8	37.5	33.3333333333	3
case_7_d_3_bn_1_PP_1_000	9	33.3333333333	33.3333333333	3
case_9_d_1_bn_1_PP_1_000	1	100.0	11.1111111111	1
case_9_d_1_bn_1_PP_1_000	2	50.0	11.1111111111	1
case_9_d_1_bn_1_PP_1_000	3	33.3333333333	11.1111111111	1
case_9_d_1_bn_1_PP_1_000	4	25.0	11.1111111111	1
case_9_d_1_bn_1_PP_1_000	5	40.0	22.2222222222	1
case_9_d_1_bn_1_PP_1_000	6	33.3333333333	22.2222222222	1
case_9_d_1_bn_1_PP_1_000	7	42.8571428571	33.3333333333	1
case_9_d_1_bn_1_PP_1_000	8	37.5	33.3333333333	1
case_9_d_1_bn_1_PP_1_000	9	33.3333333333	33.3333333333	1
case_9_d_2_bn_1_PP_1_000	1	100.0	11.1111111111	2
case_9_d_2_bn_1_PP_1_000	2	100.0	22.2222222222	2
case_9_d_2_bn_1_PP_1_000	3	100.0	33.3333333333	2
case_9_d_2_bn_1_PP_1_000	4	100.0	44.4444444444	2
case_9_d_2_bn_1_PP_1_000	5	100.0	55.5555555556	2
case_9_d_2_bn_1_PP_1_000	6	100.0	66.6666666667	2
case_9_d_2_bn_1_PP_1_000	7	85.7142857143	66.6666666667	2
case_9_d_2_bn_1_PP_1_000	8	75.0	66.6666666667	2
case_9_d_2_bn_1_PP_1_000	9	66.6666666667	66.6666666667	2
case_9_d_3_bn_1_PP_1_000	1	100.0	11.1111111111	3
case_9_d_3_bn_1_PP_1_000	2	50.0	11.1111111111	3
case_9_d_3_bn_1_PP_1_000	3	66.6666666667	22.2222222222	3
case_9_d_3_bn_1_PP_1_000	4	75.0	33.3333333333	3
case_9_d_3_bn_1_PP_1_000	5	80.0	44.4444444444	3
case_9_d_3_bn_1_PP_1_000	6	66.6666666667	44.4444444444	3
case_9_d_3_bn_1_PP_1_000	7	71.4285714286	55.5555555556	3
case_9_d_3_bn_1_PP_1_000	8	62.5	55.5555555556	3
case_9_d_3_bn_1_PP_1_000	9	66.6666666667	66.6666666667	3
