case_10_d_1_bn_1_PP_1_000	1	100.0	4.7619047619	1
case_10_d_1_bn_1_PP_1_000	2	100.0	9.52380952381	1
case_10_d_1_bn_1_PP_1_000	3	100.0	14.2857142857	1
case_10_d_1_bn_1_PP_1_000	4	75.0	14.2857142857	1
case_10_d_1_bn_1_PP_1_000	5	80.0	19.0476190476	1
case_10_d_1_bn_1_PP_1_000	6	83.3333333333	23.8095238095	1
case_10_d_1_bn_1_PP_1_000	7	85.7142857143	28.5714285714	1
case_10_d_1_bn_1_PP_1_000	8	87.5	33.3333333333	1
case_10_d_1_bn_1_PP_1_000	9	88.8888888889	38.0952380952	1
case_10_d_1_bn_1_PP_1_000	10	90.0	42.8571428571	1
case_10_d_1_bn_1_PP_1_000	11	90.9090909091	47.619047619	1
case_10_d_1_bn_1_PP_1_000	12	91.6666666667	52.380952381	1
case_10_d_1_bn_1_PP_1_000	13	92.3076923077	57.1428571429	1
case_10_d_1_bn_1_PP_1_000	14	85.7142857143	57.1428571429	1
case_10_d_1_bn_1_PP_1_000	15	86.6666666667	61.9047619048	1
case_10_d_1_bn_1_PP_1_000	16	87.5	66.6666666667	1
case_10_d_1_bn_1_PP_1_000	17	88.2352941176	71.4285714286	1
case_10_d_1_bn_1_PP_1_000	18	88.8888888889	76.1904761905	1
case_10_d_1_bn_1_PP_1_000	19	84.2105263158	76.1904761905	1
case_10_d_1_bn_1_PP_1_000	20	85.0	80.9523809524	1
case_10_d_1_bn_1_PP_1_000	21	85.7142857143	85.7142857143	1
case_10_d_2_bn_1_PP_1_000	1	100.0	4.7619047619	2
case_10_d_2_bn_1_PP_1_000	2	100.0	9.52380952381	2
case_10_d_2_bn_1_PP_1_000	3	100.0	14.2857142857	2
case_10_d_2_bn_1_PP_1_000	4	100.0	19.0476190476	2
case_10_d_2_bn_1_PP_1_000	5	100.0	23.8095238095	2
case_10_d_2_bn_1_PP_1_000	6	100.0	28.5714285714	2
case_10_d_2_bn_1_PP_1_000	7	100.0	33.3333333333	2
case_10_d_2_bn_1_PP_1_000	8	100.0	38.0952380952	2
case_10_d_2_bn_1_PP_1_000	9	100.0	42.8571428571	2
case_10_d_2_bn_1_PP_1_000	10	90.0	42.8571428571	2
case_10_d_2_bn_1_PP_1_000	11	90.9090909091	47.619047619	2
case_10_d_2_bn_1_PP_1_000	12	83.3333333333	47.619047619	2
case_10_d_2_bn_1_PP_1_000	13	84.6153846154	52.380952381	2
case_10_d_2_bn_1_PP_1_000	14	85.7142857143	57.1428571429	2
case_10_d_2_bn_1_PP_1_000	15	86.6666666667	61.9047619048	2
case_10_d_2_bn_1_PP_1_000	16	87.5	66.6666666667	2
case_10_d_2_bn_1_PP_1_000	17	82.3529411765	66.6666666667	2
case_10_d_2_bn_1_PP_1_000	18	83.3333333333	71.4285714286	2
case_10_d_2_bn_1_PP_1_000	19	78.9473684211	71.4285714286	2
case_10_d_2_bn_1_PP_1_000	20	80.0	76.1904761905	2
case_10_d_2_bn_1_PP_1_000	21	80.9523809524	80.9523809524	2
case_10_d_3_bn_1_PP_1_000	1	100.0	4.7619047619	3
case_10_d_3_bn_1_PP_1_000	2	100.0	9.52380952381	3
case_10_d_3_bn_1_PP_1_000	3	100.0	14.2857142857	3
case_10_d_3_bn_1_PP_1_000	4	100.0	19.0476190476	3
case_10_d_3_bn_1_PP_1_000	5	100.0	23.8095238095	3
case_10_d_3_bn_1_PP_1_000	6	100.0	28.5714285714	3
case_10_d_3_bn_1_PP_1_000	7	85.7142857143	28.5714285714	3
case_10_d_3_bn_1_PP_1_000	8	87.5	33.3333333333	3
case_10_d_3_bn_1_PP_1_000	9	77.7777777778	33.3333333333	3
case_10_d_3_bn_1_PP_1_000	10	80.0	38.0952380952	3
case_10_d_3_bn_1_PP_1_000	11	81.8181818182	42.8571428571	3
case_10_d_3_bn_1_PP_1_000	12	83.3333333333	47.619047619	3
case_10_d_3_bn_1_PP_1_000	13	84.6153846154	52.380952381	3
case_10_d_3_bn_1_PP_1_000	14	78.5714285714	52.380952381	3
case_10_d_3_bn_1_PP_1_000	15	73.3333333333	52.380952381	3
case_10_d_3_bn_1_PP_1_000	16	75.0	57.1428571429	3
case_10_d_3_bn_1_PP_1_000	17	76.4705882353	61.9047619048	3
case_10_d_3_bn_1_PP_1_000	18	77.7777777778	66.6666666667	3
case_10_d_3_bn_1_PP_1_000	19	78.9473684211	71.4285714286	3
case_10_d_3_bn_1_PP_1_000	20	80.0	76.1904761905	3
case_10_d_3_bn_1_PP_1_000	21	80.9523809524	80.9523809524	3
