case_10_d_1_bn_1_PP_1_000	3	80.5555555556	50.0	1
case_10_d_2_bn_1_PP_1_000	3	75.0	50.0	2
case_10_d_3_bn_1_PP_1_000	3	79.1666666667	52.7777777778	3
case_11_d_1_bn_1_PP_1_000	3	73.6111111111	44.4444444444	1
case_11_d_2_bn_1_PP_1_000	3	69.4444444444	44.4444444444	2
case_11_d_3_bn_1_PP_1_000	3	79.1666666667	52.7777777778	3
case_13_d_1_bn_1_PP_1_001	3	83.3333333333	52.7777777778	1
case_13_d_2_bn_1_PP_1_001	3	66.6666666667	41.6666666667	2
case_13_d_3_bn_1_PP_1_001	3	62.5	38.8888888889	3
case_15_d_1_bn_1_PP_1_000	3	84.7222222222	52.7777777778	1
case_15_d_2_bn_1_PP_1_000	3	84.7222222222	52.7777777778	2
case_15_d_3_bn_1_PP_1_000	3	56.9444444444	38.8888888889	3
case_17_d_1_bn_1_PP_1_010	3	97.2222222222	63.8888888889	1
case_17_d_2_bn_1_PP_1_010	3	72.2222222222	47.2222222222	2
case_17_d_3_bn_1_PP_1_010	3	48.6111111111	27.7777777778	3
case_7_d_1_bn_1_PP_1_000	3	81.9444444444	55.5555555556	1
case_7_d_2_bn_1_PP_1_000	3	77.7777777778	47.2222222222	2
case_7_d_3_bn_1_PP_1_000	3	33.3333333333	19.4444444444	3
case_8_d_1_bn_1_PP_1_000	3	80.5555555556	50.0	1
case_8_d_2_bn_1_PP_1_000	3	69.4444444444	41.6666666667	2
case_8_d_3_bn_1_PP_1_000	3	69.4444444444	41.6666666667	3
case_9_d_1_bn_1_PP_1_000	3	100.0	66.6666666667	1
case_9_d_2_bn_1_PP_1_000	3	40.2777777778	25.0	2
case_9_d_3_bn_1_PP_1_000	3	38.8888888889	27.7777777778	3
