case_10_d_1_bn_1_PP_1_000	4	63.3333333333	35.0	1
case_10_d_2_bn_1_PP_1_000	4	47.9166666667	27.5	2
case_10_d_3_bn_1_PP_1_000	4	66.25	37.5	3
case_11_d_1_bn_1_PP_1_000	4	72.9166666667	42.5	1
case_11_d_2_bn_1_PP_1_000	4	37.9166666667	20.0	2
case_11_d_3_bn_1_PP_1_000	4	75.0	42.5	3
case_13_d_1_bn_1_PP_1_001	4	41.25	25.0	1
case_13_d_2_bn_1_PP_1_001	4	1.25	1.25	2
case_13_d_3_bn_1_PP_1_001	4	69.1666666667	40.0	3
case_15_d_1_bn_1_PP_1_000	4	72.0833333333	42.5	1
case_15_d_2_bn_1_PP_1_000	4	36.6666666667	20.0	2
case_15_d_3_bn_1_PP_1_000	4	26.25	13.75	3
case_17_d_1_bn_1_PP_1_010	4	68.75	41.25	1
case_17_d_2_bn_1_PP_1_010	4	62.0833333333	35.0	2
case_17_d_3_bn_1_PP_1_010	4	78.3333333333	45.0	3
case_7_d_1_bn_1_PP_1_000	4	25.0	13.75	1
case_7_d_2_bn_1_PP_1_000	4	30.4166666667	17.5	2
case_7_d_3_bn_1_PP_1_000	4	47.5	26.25	3
case_8_d_1_bn_1_PP_1_000	4	65.0	37.5	1
case_8_d_2_bn_1_PP_1_000	4	60.0	36.25	2
case_8_d_3_bn_1_PP_1_000	4	47.5	26.25	3
case_9_d_1_bn_1_PP_1_000	4	58.75	35.0	1
case_9_d_2_bn_1_PP_1_000	4	37.0833333333	20.0	2
case_9_d_3_bn_1_PP_1_000	4	57.9166666667	31.25	3
