case_10_d_1_bn_1_PP_1_000	6	35.119047619	17.8571428571	1
case_10_d_2_bn_1_PP_1_000	6	26.3492063492	13.4920634921	2
case_10_d_3_bn_1_PP_1_000	6	21.7063492063	11.1111111111	3
case_11_d_1_bn_1_PP_1_000	6	30.9126984127	14.6825396825	1
case_11_d_2_bn_1_PP_1_000	6	31.3095238095	14.6825396825	2
case_11_d_3_bn_1_PP_1_000	6	34.8412698413	17.0634920635	3
case_13_d_1_bn_1_PP_1_001	6	26.9444444444	13.4920634921	1
case_13_d_2_bn_1_PP_1_001	6	36.626984127	17.0634920635	2
case_13_d_3_bn_1_PP_1_001	6	36.2301587302	17.8571428571	3
case_15_d_1_bn_1_PP_1_000	6	39.9603174603	20.6349206349	1
case_15_d_2_bn_1_PP_1_000	6	39.0079365079	18.6507936508	2
case_15_d_3_bn_1_PP_1_000	6	34.3650793651	17.0634920635	3
case_17_d_1_bn_1_PP_1_010	6	38.7698412698	20.2380952381	1
case_17_d_2_bn_1_PP_1_010	6	33.2936507937	15.0793650794	2
case_17_d_3_bn_1_PP_1_010	6	43.3333333333	21.4285714286	3
case_7_d_1_bn_1_PP_1_000	6	23.3333333333	9.52380952381	1
case_7_d_2_bn_1_PP_1_000	6	12.7380952381	6.34920634921	2
case_7_d_3_bn_1_PP_1_000	6	7.30158730159	3.57142857143	3
case_8_d_1_bn_1_PP_1_000	6	37.8174603175	17.8571428571	1
case_8_d_2_bn_1_PP_1_000	6	25.5952380952	11.1111111111	2
case_8_d_3_bn_1_PP_1_000	6	33.7698412698	15.4761904762	3
case_9_d_1_bn_1_PP_1_000	6	49.3650793651	24.6031746032	1
case_9_d_2_bn_1_PP_1_000	6	32.7777777778	15.873015873	2
case_9_d_3_bn_1_PP_1_000	6	24.246031746	13.8888888889	3
