case_10_d_1_bn_1_PP_1_000	22	81.0728250565	40.7591377694	1
case_10_d_2_bn_1_PP_1_000	22	82.4561996577	42.4648547329	2
case_10_d_3_bn_1_PP_1_000	22	84.7163957934	43.3458294283	3
case_11_d_1_bn_1_PP_1_000	22	81.818522138	41.6494845361	1
case_11_d_2_bn_1_PP_1_000	22	80.6641486583	41.4901593252	2
case_11_d_3_bn_1_PP_1_000	22	79.7236420386	40.9746954077	3
case_13_d_1_bn_1_PP_1_001	22	86.8100205829	44.4892221181	1
case_13_d_2_bn_1_PP_1_001	22	78.1762834875	41.2558575445	2
case_13_d_3_bn_1_PP_1_001	22	85.8294278909	43.7956888472	3
case_15_d_1_bn_1_PP_1_000	22	75.2775484262	39.2033739456	1
case_15_d_2_bn_1_PP_1_000	22	79.3304162316	40.5904404873	2
case_15_d_3_bn_1_PP_1_000	22	74.0043956404	38.4910965323	3
case_17_d_1_bn_1_PP_1_010	22	80.292990651	42.0243673852	1
case_17_d_2_bn_1_PP_1_010	22	77.1502850134	40.3092783505	2
case_17_d_3_bn_1_PP_1_010	22	82.3541482792	42.5866916589	3
case_7_d_1_bn_1_PP_1_000	22	71.5278637009	35.2764761012	1
case_7_d_2_bn_1_PP_1_000	22	58.0072200486	28.9878163074	2
case_7_d_3_bn_1_PP_1_000	22	49.9245867279	23.8612933458	3
case_8_d_1_bn_1_PP_1_000	22	77.572337583	40.2436738519	1
case_8_d_2_bn_1_PP_1_000	22	70.1974106249	36.3261480787	2
case_8_d_3_bn_1_PP_1_000	22	64.8649589508	33.3177132146	3
case_9_d_1_bn_1_PP_1_000	22	75.5254061721	38.9409559513	1
case_9_d_2_bn_1_PP_1_000	22	61.6699805076	31.0777881912	2
case_9_d_3_bn_1_PP_1_000	22	59.2525275554	29.4470477976	3
