case_10_d_1_bn_1_PP_1_000	11	25.421312694	13.0165289256	1
case_10_d_2_bn_1_PP_1_000	11	27.4442750011	13.7741046832	2
case_10_d_3_bn_1_PP_1_000	11	17.171061262	8.67768595041	3
case_11_d_1_bn_1_PP_1_000	11	27.0262145262	11.7079889807	1
case_11_d_2_bn_1_PP_1_000	11	17.5215630329	9.43526170799	2
case_11_d_3_bn_1_PP_1_000	11	25.2279013074	12.3966942149	3
case_13_d_1_bn_1_PP_1_001	11	28.0434485548	14.0495867769	1
case_13_d_2_bn_1_PP_1_001	11	21.4141687437	10.8126721763	2
case_13_d_3_bn_1_PP_1_001	11	16.4881225677	9.36639118457	3
case_15_d_1_bn_1_PP_1_000	11	25.9470790153	12.3278236915	1
case_15_d_2_bn_1_PP_1_000	11	23.4944684945	11.914600551	2
case_15_d_3_bn_1_PP_1_000	11	38.4100474441	18.1129476584	3
case_17_d_1_bn_1_PP_1_010	11	35.1656718702	17.5619834711	1
case_17_d_2_bn_1_PP_1_010	11	27.1985821418	13.8429752066	2
case_17_d_3_bn_1_PP_1_010	11	23.2749846954	9.9173553719	3
case_7_d_1_bn_1_PP_1_000	11	6.05300843937	3.71900826446	1
case_7_d_2_bn_1_PP_1_000	11	50.6699844768	24.8622589532	2
case_7_d_3_bn_1_PP_1_000	11	55.3295126591	27.5482093664	3
case_8_d_1_bn_1_PP_1_000	11	19.9684343434	9.57300275482	1
case_8_d_2_bn_1_PP_1_000	11	49.8170558398	23.9669421488	2
case_8_d_3_bn_1_PP_1_000	11	47.670481875	23.0716253444	3
case_9_d_1_bn_1_PP_1_000	11	36.8846746688	17.3553719008	1
case_9_d_2_bn_1_PP_1_000	11	58.2474638156	28.7190082645	2
case_9_d_3_bn_1_PP_1_000	11	34.2605437492	17.6997245179	3
