case_10_d_1_bn_1_PP_1_000	5	59.2777777778	30.6666666667	1
case_10_d_2_bn_1_PP_1_000	5	55.6111111111	30.6666666667	2
case_10_d_3_bn_1_PP_1_000	5	50.0	26.6666666667	3
case_11_d_1_bn_1_PP_1_000	5	47.7777777778	26.6666666667	1
case_11_d_2_bn_1_PP_1_000	5	54.1111111111	29.3333333333	2
case_11_d_3_bn_1_PP_1_000	5	56.4444444444	31.3333333333	3
case_13_d_1_bn_1_PP_1_001	5	70.9444444444	39.3333333333	1
case_13_d_2_bn_1_PP_1_001	5	53.8333333333	29.3333333333	2
case_13_d_3_bn_1_PP_1_001	5	55.4444444444	31.3333333333	3
case_15_d_1_bn_1_PP_1_000	5	72.3333333333	40.6666666667	1
case_15_d_2_bn_1_PP_1_000	5	56.8888888889	31.3333333333	2
case_15_d_3_bn_1_PP_1_000	5	46.8888888889	26.0	3
case_17_d_1_bn_1_PP_1_010	5	50.5555555556	26.6666666667	1
case_17_d_2_bn_1_PP_1_010	5	57.2777777778	32.0	2
case_17_d_3_bn_1_PP_1_010	5	51.1111111111	27.3333333333	3
case_7_d_1_bn_1_PP_1_000	5	39.7777777778	21.3333333333	1
case_7_d_2_bn_1_PP_1_000	5	28.0555555556	14.6666666667	2
case_7_d_3_bn_1_PP_1_000	5	28.0555555556	14.6666666667	3
case_8_d_1_bn_1_PP_1_000	5	72.0555555556	40.0	1
case_8_d_2_bn_1_PP_1_000	5	36.3333333333	18.6666666667	2
case_8_d_3_bn_1_PP_1_000	5	35.4444444444	20.6666666667	3
case_9_d_1_bn_1_PP_1_000	5	53.4444444444	28.6666666667	1
case_9_d_2_bn_1_PP_1_000	5	34.7777777778	20.0	2
case_9_d_3_bn_1_PP_1_000	5	40.6111111111	21.3333333333	3
