case_10_d_1_bn_1_PP_1_000	3	100.0	66.6666666667	1
case_10_d_2_bn_1_PP_1_000	3	94.4444444444	61.1111111111	2
case_10_d_3_bn_1_PP_1_000	3	100.0	66.6666666667	3
case_11_d_1_bn_1_PP_1_000	3	100.0	66.6666666667	1
case_11_d_2_bn_1_PP_1_000	3	97.2222222222	63.8888888889	2
case_11_d_3_bn_1_PP_1_000	3	100.0	66.6666666667	3
case_13_d_1_bn_1_PP_1_001	3	100.0	66.6666666667	1
case_13_d_2_bn_1_PP_1_001	3	100.0	66.6666666667	2
case_13_d_3_bn_1_PP_1_001	3	100.0	66.6666666667	3
case_15_d_1_bn_1_PP_1_000	3	100.0	66.6666666667	1
case_15_d_2_bn_1_PP_1_000	3	100.0	66.6666666667	2
case_15_d_3_bn_1_PP_1_000	3	100.0	66.6666666667	3
case_17_d_1_bn_1_PP_1_010	3	100.0	66.6666666667	1
case_17_d_2_bn_1_PP_1_010	3	100.0	66.6666666667	2
case_17_d_3_bn_1_PP_1_010	3	100.0	66.6666666667	3
case_7_d_1_bn_1_PP_1_000	3	66.6666666667	41.6666666667	1
case_7_d_2_bn_1_PP_1_000	3	97.2222222222	63.8888888889	2
case_7_d_3_bn_1_PP_1_000	3	69.4444444444	44.4444444444	3
case_8_d_1_bn_1_PP_1_000	3	100.0	66.6666666667	1
case_8_d_2_bn_1_PP_1_000	3	93.0555555556	61.1111111111	2
case_8_d_3_bn_1_PP_1_000	3	90.2777777778	58.3333333333	3
case_9_d_1_bn_1_PP_1_000	3	100.0	66.6666666667	1
case_9_d_2_bn_1_PP_1_000	3	94.4444444444	61.1111111111	2
case_9_d_3_bn_1_PP_1_000	3	69.4444444444	44.4444444444	3
