case_10_d_1_bn_1_PP_1_000	16	54.597211918	25.2297794118	1
case_10_d_2_bn_1_PP_1_000	16	76.9243588315	36.9944852941	2
case_11_d_1_bn_1_PP_1_000	16	59.5386598695	27.4126838235	1
case_11_d_2_bn_1_PP_1_000	16	76.9332903616	37.1553308824	2
case_13_d_1_bn_1_PP_1_001	16	54.4457584899	24.4025735294	1
case_13_d_2_bn_1_PP_1_001	16	79.806487426	38.9705882353	2
case_15_d_1_bn_1_PP_1_000	16	59.7411983441	27.4356617647	1
case_15_d_2_bn_1_PP_1_000	16	81.3093263966	40.1884191176	2
case_17_d_1_bn_1_PP_1_010	16	55.7097197125	25.5284926471	1
case_17_d_2_bn_1_PP_1_010	16	79.5281526072	38.7637867647	2
case_7_d_1_bn_1_PP_1_000	16	22.273687959	11.326142132	1
case_7_d_2_bn_1_PP_1_000	16	72.9867558912	36.4200367647	2
case_9_d_1_bn_1_PP_1_000	16	79.137922433	38.5569852941	1
case_9_d_2_bn_1_PP_1_000	16	70.1570575054	33.8924632353	2
