case_10_d_1_bn_1_PP_1_000	25	81.0045623994	39.2093023256	1
case_10_d_2_bn_1_PP_1_000	25	86.0246668785	42.64	2
case_11_d_1_bn_1_PP_1_000	25	77.6974072051	37.7541528239	1
case_11_d_2_bn_1_PP_1_000	25	81.8846476636	40.2276923077	2
case_13_d_1_bn_1_PP_1_001	25	79.6510584936	38.2857142857	1
case_13_d_2_bn_1_PP_1_001	25	82.3347995121	40.5230769231	2
case_15_d_1_bn_1_PP_1_000	25	79.9986512902	38.7973421927	1
case_15_d_2_bn_1_PP_1_000	25	82.492643005	41.1261538462	2
case_17_d_1_bn_1_PP_1_010	25	81.3640217918	39.3222591362	1
case_17_d_2_bn_1_PP_1_010	25	80.7395247166	39.7907692308	2
case_7_d_1_bn_1_PP_1_000	25	16.3484747795	6.20725388601	1
case_7_d_2_bn_1_PP_1_000	25	81.1027191311	39.3674121406	2
case_9_d_1_bn_1_PP_1_000	25	90.3694148591	45.1096345515	1
case_9_d_2_bn_1_PP_1_000	25	82.0718925745	39.8338461538	2
