case_10_d_1_bn_1_PP_1_000	4	55.8333333333	31.25	1
case_10_d_2_bn_1_PP_1_000	4	90.8333333333	55.0	2
case_11_d_1_bn_1_PP_1_000	4	41.6666666667	20.0	1
case_11_d_2_bn_1_PP_1_000	4	93.3333333333	56.25	2
case_13_d_1_bn_1_PP_1_001	4	50.4166666667	28.75	1
case_13_d_2_bn_1_PP_1_001	4	87.9166666667	52.5	2
case_15_d_1_bn_1_PP_1_000	4	34.1666666667	17.5	1
case_15_d_2_bn_1_PP_1_000	4	87.9166666667	52.5	2
case_17_d_1_bn_1_PP_1_010	4	45.8333333333	23.75	1
case_17_d_2_bn_1_PP_1_010	4	82.5	48.75	2
case_7_d_1_bn_1_PP_1_000	4	0.0	0.0	1
case_7_d_2_bn_1_PP_1_000	4	0.0	0.0	2
case_9_d_1_bn_1_PP_1_000	4	59.1666666667	32.5	1
case_9_d_2_bn_1_PP_1_000	4	89.1666666667	53.75	2
