case_10_d_1_bn_1_PP_1_000	24	61.043775622	27.9407340554	1
case_10_d_2_bn_1_PP_1_000	24	81.9242913409	40.3018486424	2
case_11_d_1_bn_1_PP_1_000	24	63.2661768056	28.655234657	1
case_11_d_2_bn_1_PP_1_000	24	82.2907581845	40.9156556904	2
case_13_d_1_bn_1_PP_1_001	24	59.4580672866	26.6997593261	1
case_13_d_2_bn_1_PP_1_001	24	83.6710508938	41.6088965916	2
case_15_d_1_bn_1_PP_1_000	24	63.2875302103	29.1140192539	1
case_15_d_2_bn_1_PP_1_000	24	86.8389559034	43.53188929	2
case_17_d_1_bn_1_PP_1_010	24	59.9580425375	27.4293020457	1
case_17_d_2_bn_1_PP_1_010	24	85.4258474788	42.1179302046	2
case_7_d_1_bn_1_PP_1_000	24	26.8497686618	11.3288288288	1
case_7_d_2_bn_1_PP_1_000	24	94.3755299978	48.4356197353	2
case_9_d_1_bn_1_PP_1_000	24	81.4270309245	38.6732851986	1
case_9_d_2_bn_1_PP_1_000	24	84.2089337923	42.0347222222	2
