case_10_d_1_bn_1_PP_1_000	13	38.1938437021	17.7514792899	1
case_10_d_2_bn_1_PP_1_000	13	86.158963137	43.6601859679	2
case_11_d_1_bn_1_PP_1_000	13	43.6706196734	20.0760777684	1
case_11_d_2_bn_1_PP_1_000	13	81.4649834293	40.8284023669	2
case_13_d_1_bn_1_PP_1_001	13	37.4890295907	16.5257819104	1
case_13_d_2_bn_1_PP_1_001	13	83.491790566	42.180896027	2
case_15_d_1_bn_1_PP_1_000	13	46.340038167	22.1893491124	1
case_15_d_2_bn_1_PP_1_000	13	78.4098593714	39.1800507185	2
case_17_d_1_bn_1_PP_1_010	13	43.1537632087	20.7523245985	1
case_17_d_2_bn_1_PP_1_010	13	76.7741339857	38.7573964497	2
case_7_d_1_bn_1_PP_1_000	13	12.9831874475	6.20094191523	1
case_7_d_2_bn_1_PP_1_000	13	99.9577345731	53.8038884193	2
case_9_d_1_bn_1_PP_1_000	13	67.7700611354	33.2206255283	1
case_9_d_2_bn_1_PP_1_000	13	95.6712884185	51.1411665258	2
