case_10_d_1_bn_1_PP_1_000	3	2.77777777778	2.77777777778	1
case_10_d_2_bn_1_PP_1_000	3	97.2222222222	63.8888888889	2
case_11_d_1_bn_1_PP_1_000	3	18.0555555556	11.1111111111	1
case_11_d_2_bn_1_PP_1_000	3	84.7222222222	52.7777777778	2
case_13_d_1_bn_1_PP_1_001	3	0.0	0.0	1
case_13_d_2_bn_1_PP_1_001	3	87.5	55.5555555556	2
case_15_d_1_bn_1_PP_1_000	3	9.72222222222	8.33333333333	1
case_15_d_2_bn_1_PP_1_000	3	91.6666666667	58.3333333333	2
case_17_d_1_bn_1_PP_1_010	3	6.94444444444	5.55555555556	1
case_17_d_2_bn_1_PP_1_010	3	100.0	66.6666666667	2
case_7_d_1_bn_1_PP_1_000	3	0.0	0.0	1
case_7_d_2_bn_1_PP_1_000	3	100.0	66.6666666667	2
case_9_d_1_bn_1_PP_1_000	3	43.0555555556	27.7777777778	1
case_9_d_2_bn_1_PP_1_000	3	100.0	66.6666666667	2
