case_10_d_1_bn_1_PP_1_000	3	13.8888888889	11.1111111111	1
case_10_d_2_bn_1_PP_1_000	3	0.0	0.0	2
case_11_d_1_bn_1_PP_1_000	3	22.2222222222	13.8888888889	1
case_11_d_2_bn_1_PP_1_000	3	6.94444444444	5.55555555556	2
case_13_d_1_bn_1_PP_1_001	3	33.3333333333	19.4444444444	1
case_13_d_2_bn_1_PP_1_001	3	0.0	0.0	2
case_15_d_1_bn_1_PP_1_000	3	22.2222222222	13.8888888889	1
case_15_d_2_bn_1_PP_1_000	3	6.94444444444	5.55555555556	2
case_17_d_1_bn_1_PP_1_010	3	22.2222222222	13.8888888889	1
case_17_d_2_bn_1_PP_1_010	3	0.0	0.0	2
case_7_d_1_bn_1_PP_1_000	3	0.0	0.0	1
case_7_d_2_bn_1_PP_1_000	3	100.0	66.6666666667	2
case_9_d_1_bn_1_PP_1_000	3	20.8333333333	16.6666666667	1
case_9_d_2_bn_1_PP_1_000	3	100.0	66.6666666667	2
