case_10_d_1_bn_1_PP_1_000	11	30.0538939175	13.5674931129	1
case_10_d_2_bn_1_PP_1_000	11	59.7678352792	28.2369146006	2
case_11_d_1_bn_1_PP_1_000	11	29.7182867637	15.3581267218	1
case_11_d_2_bn_1_PP_1_000	11	62.0607864358	29.6831955923	2
case_13_d_1_bn_1_PP_1_001	11	39.8408052385	17.8374655647	1
case_13_d_2_bn_1_PP_1_001	11	61.4633346452	28.7190082645	2
case_15_d_1_bn_1_PP_1_000	11	32.5473348201	14.9449035813	1
case_15_d_2_bn_1_PP_1_000	11	61.5246622065	28.3746556474	2
case_17_d_1_bn_1_PP_1_010	11	30.7853699331	13.5674931129	1
case_17_d_2_bn_1_PP_1_010	11	57.5038261402	27.2038567493	2
case_7_d_1_bn_1_PP_1_000	11	23.635210418	11.2518628912	1
case_7_d_2_bn_1_PP_1_000	11	51.6413321527	23.0716253444	2
case_9_d_1_bn_1_PP_1_000	11	49.3232104596	22.520661157	1
case_9_d_2_bn_1_PP_1_000	11	57.7483438279	28.3746556474	2
