case_10_d_1_bn_1_PP_1_000	14	24.7870238227	10.7142857143	1
case_10_d_2_bn_1_PP_1_000	14	83.4263527478	43.1972789116	2
case_11_d_1_bn_1_PP_1_000	14	29.0699049628	13.0272108844	1
case_11_d_2_bn_1_PP_1_000	14	80.9642619285	42.6870748299	2
case_13_d_1_bn_1_PP_1_001	14	34.5828074042	15.5782312925	1
case_13_d_2_bn_1_PP_1_001	14	81.6288169502	42.2789115646	2
case_15_d_1_bn_1_PP_1_000	14	37.1242659457	16.5986394558	1
case_15_d_2_bn_1_PP_1_000	14	84.3664919736	43.6734693878	2
case_17_d_1_bn_1_PP_1_010	14	38.8286079	17.7891156463	1
case_17_d_2_bn_1_PP_1_010	14	85.1812724313	43.9795918367	2
case_7_d_1_bn_1_PP_1_000	14	0.0	0.0	1
case_7_d_2_bn_1_PP_1_000	14	100.0	53.5714285714	2
case_9_d_1_bn_1_PP_1_000	14	43.907575229	21.0544217687	1
case_9_d_2_bn_1_PP_1_000	14	97.7690497333	51.8027210884	2
