case_10_d_1_bn_1_PP_1_000	53	62.7722079545	28.1739910077	1
case_10_d_2_bn_1_PP_1_000	53	69.9297470097	31.5296072149	2
case_11_d_1_bn_1_PP_1_000	53	62.4997026168	28.2089316087	1
case_11_d_2_bn_1_PP_1_000	53	72.0890535511	32.7828540538	2
case_13_d_1_bn_1_PP_1_001	53	63.6040962442	28.6512928022	1
case_13_d_2_bn_1_PP_1_001	53	71.7459279895	32.6529804992	2
case_15_d_1_bn_1_PP_1_000	53	63.5044930024	28.4165974447	1
case_15_d_2_bn_1_PP_1_000	53	70.6038517004	32.2238044381	2
case_17_d_1_bn_1_PP_1_010	53	63.4016382215	28.6954629959	1
case_17_d_2_bn_1_PP_1_010	53	68.6891773696	31.0760386588	2
case_7_d_1_bn_1_PP_1_000	53	11.8934944122	5.64030509835	1
case_7_d_2_bn_1_PP_1_000	53	98.085961428	49.9393483908	2
case_9_d_1_bn_1_PP_1_000	53	68.1031096388	30.7754176391	1
case_9_d_2_bn_1_PP_1_000	53	92.2255944056	45.1867674011	2
