case_10_d_1_bn_1_PP_1_000	16	73.8844947944	36.7647058824	1
case_10_d_2_bn_1_PP_1_000	16	92.9495346361	47.7481617647	2
case_11_d_1_bn_1_PP_1_000	16	65.5537467026	31.4568014706	1
case_11_d_2_bn_1_PP_1_000	16	95.5504876047	49.5404411765	2
case_13_d_1_bn_1_PP_1_001	16	76.5371148459	37.3161764706	1
case_13_d_2_bn_1_PP_1_001	16	94.8342053167	48.9889705882	2
case_15_d_1_bn_1_PP_1_000	16	74.406231534	36.8106617647	1
case_15_d_2_bn_1_PP_1_000	16	95.9897113711	49.5863970588	2
case_17_d_1_bn_1_PP_1_010	16	72.7992559932	35.2251838235	1
case_17_d_2_bn_1_PP_1_010	16	95.2045962616	49.1038602941	2
case_7_d_1_bn_1_PP_1_000	16	0.208333333333	0.201612903226	1
case_7_d_2_bn_1_PP_1_000	16	100.0	53.125	2
case_9_d_1_bn_1_PP_1_000	16	74.0619955004	36.1443014706	1
case_9_d_2_bn_1_PP_1_000	16	99.3551531189	52.5275735294	2
