case_10_d_1_bn_1_PP_1_000	2	25.0	25.0	1
case_10_d_2_bn_1_PP_1_000	2	100.0	75.0	2
case_11_d_1_bn_1_PP_1_000	2	50.0	33.3333333333	1
case_11_d_2_bn_1_PP_1_000	2	100.0	75.0	2
case_13_d_1_bn_1_PP_1_001	2	66.6666666667	50.0	1
case_13_d_2_bn_1_PP_1_001	2	100.0	75.0	2
case_15_d_1_bn_1_PP_1_000	2	91.6666666667	66.6666666667	1
case_15_d_2_bn_1_PP_1_000	2	100.0	75.0	2
case_17_d_1_bn_1_PP_1_010	2	50.0	33.3333333333	1
case_17_d_2_bn_1_PP_1_010	2	100.0	75.0	2
case_7_d_1_bn_1_PP_1_000	2	0.0	0.0	1
case_7_d_2_bn_1_PP_1_000	2	0.0	0.0	2
case_9_d_1_bn_1_PP_1_000	2	75.0	58.3333333333	1
case_9_d_2_bn_1_PP_1_000	2	100.0	75.0	2
