case_10_d_1_bn_1_PP_1_000	1	100.0	6.25	1
case_10_d_1_bn_1_PP_1_000	2	100.0	12.5	1
case_10_d_1_bn_1_PP_1_000	3	66.6666666667	12.5	1
case_10_d_1_bn_1_PP_1_000	4	75.0	18.75	1
case_10_d_1_bn_1_PP_1_000	5	80.0	25.0	1
case_10_d_1_bn_1_PP_1_000	6	83.3333333333	31.25	1
case_10_d_1_bn_1_PP_1_000	7	85.7142857143	37.5	1
case_10_d_1_bn_1_PP_1_000	8	87.5	43.75	1
case_10_d_1_bn_1_PP_1_000	9	88.8888888889	50.0	1
case_10_d_1_bn_1_PP_1_000	10	80.0	50.0	1
case_10_d_1_bn_1_PP_1_000	11	72.7272727273	50.0	1
case_10_d_1_bn_1_PP_1_000	12	75.0	56.25	1
case_10_d_1_bn_1_PP_1_000	13	69.2307692308	56.25	1
case_10_d_1_bn_1_PP_1_000	14	64.2857142857	56.25	1
case_10_d_1_bn_1_PP_1_000	15	60.0	56.25	1
case_10_d_1_bn_1_PP_1_000	16	62.5	62.5	1
case_10_d_2_bn_1_PP_1_000	1	100.0	6.25	2
case_10_d_2_bn_1_PP_1_000	2	100.0	12.5	2
case_10_d_2_bn_1_PP_1_000	3	100.0	18.75	2
case_10_d_2_bn_1_PP_1_000	4	100.0	25.0	2
case_10_d_2_bn_1_PP_1_000	5	100.0	31.25	2
case_10_d_2_bn_1_PP_1_000	6	100.0	37.5	2
case_10_d_2_bn_1_PP_1_000	7	100.0	43.75	2
case_10_d_2_bn_1_PP_1_000	8	100.0	50.0	2
case_10_d_2_bn_1_PP_1_000	9	100.0	56.25	2
case_10_d_2_bn_1_PP_1_000	10	100.0	62.5	2
case_10_d_2_bn_1_PP_1_000	11	100.0	68.75	2
case_10_d_2_bn_1_PP_1_000	12	100.0	75.0	2
case_10_d_2_bn_1_PP_1_000	13	100.0	81.25	2
case_10_d_2_bn_1_PP_1_000	14	92.8571428571	81.25	2
case_10_d_2_bn_1_PP_1_000	15	93.3333333333	87.5	2
case_10_d_2_bn_1_PP_1_000	16	93.75	93.75	2
case_11_d_1_bn_1_PP_1_000	1	100.0	6.25	1
case_11_d_1_bn_1_PP_1_000	2	100.0	12.5	1
case_11_d_1_bn_1_PP_1_000	3	100.0	18.75	1
case_11_d_1_bn_1_PP_1_000	4	100.0	25.0	1
case_11_d_1_bn_1_PP_1_000	5	100.0	31.25	1
case_11_d_1_bn_1_PP_1_000	6	100.0	37.5	1
case_11_d_1_bn_1_PP_1_000	7	85.7142857143	37.5	1
case_11_d_1_bn_1_PP_1_000	8	87.5	43.75	1
case_11_d_1_bn_1_PP_1_000	9	88.8888888889	50.0	1
case_11_d_1_bn_1_PP_1_000	10	80.0	50.0	1
case_11_d_1_bn_1_PP_1_000	11	72.7272727273	50.0	1
case_11_d_1_bn_1_PP_1_000	12	75.0	56.25	1
case_11_d_1_bn_1_PP_1_000	13	69.2307692308	56.25	1
case_11_d_1_bn_1_PP_1_000	14	64.2857142857	56.25	1
case_11_d_1_bn_1_PP_1_000	15	60.0	56.25	1
case_11_d_1_bn_1_PP_1_000	16	56.25	56.25	1
case_11_d_2_bn_1_PP_1_000	1	100.0	6.25	2
case_11_d_2_bn_1_PP_1_000	2	100.0	12.5	2
case_11_d_2_bn_1_PP_1_000	3	100.0	18.75	2
case_11_d_2_bn_1_PP_1_000	4	100.0	25.0	2
case_11_d_2_bn_1_PP_1_000	5	100.0	31.25	2
case_11_d_2_bn_1_PP_1_000	6	100.0	37.5	2
case_11_d_2_bn_1_PP_1_000	7	100.0	43.75	2
case_11_d_2_bn_1_PP_1_000	8	100.0	50.0	2
case_11_d_2_bn_1_PP_1_000	9	100.0	56.25	2
case_11_d_2_bn_1_PP_1_000	10	100.0	62.5	2
case_11_d_2_bn_1_PP_1_000	11	100.0	68.75	2
case_11_d_2_bn_1_PP_1_000	12	100.0	75.0	2
case_11_d_2_bn_1_PP_1_000	13	100.0	81.25	2
case_11_d_2_bn_1_PP_1_000	14	100.0	87.5	2
case_11_d_2_bn_1_PP_1_000	15	93.3333333333	87.5	2
case_11_d_2_bn_1_PP_1_000	16	93.75	93.75	2
case_13_d_1_bn_1_PP_1_001	1	100.0	6.25	1
case_13_d_1_bn_1_PP_1_001	2	100.0	12.5	1
case_13_d_1_bn_1_PP_1_001	3	100.0	18.75	1
case_13_d_1_bn_1_PP_1_001	4	100.0	25.0	1
case_13_d_1_bn_1_PP_1_001	5	100.0	31.25	1
case_13_d_1_bn_1_PP_1_001	6	100.0	37.5	1
case_13_d_1_bn_1_PP_1_001	7	100.0	43.75	1
case_13_d_1_bn_1_PP_1_001	8	87.5	43.75	1
case_13_d_1_bn_1_PP_1_001	9	88.8888888889	50.0	1
case_13_d_1_bn_1_PP_1_001	10	90.0	56.25	1
case_13_d_1_bn_1_PP_1_001	11	81.8181818182	56.25	1
case_13_d_1_bn_1_PP_1_001	12	83.3333333333	62.5	1
case_13_d_1_bn_1_PP_1_001	13	76.9230769231	62.5	1
case_13_d_1_bn_1_PP_1_001	14	71.4285714286	62.5	1
case_13_d_1_bn_1_PP_1_001	15	66.6666666667	62.5	1
case_13_d_1_bn_1_PP_1_001	16	62.5	62.5	1
case_13_d_2_bn_1_PP_1_001	1	100.0	6.25	2
case_13_d_2_bn_1_PP_1_001	2	100.0	12.5	2
case_13_d_2_bn_1_PP_1_001	3	100.0	18.75	2
case_13_d_2_bn_1_PP_1_001	4	100.0	25.0	2
case_13_d_2_bn_1_PP_1_001	5	100.0	31.25	2
case_13_d_2_bn_1_PP_1_001	6	100.0	37.5	2
case_13_d_2_bn_1_PP_1_001	7	100.0	43.75	2
case_13_d_2_bn_1_PP_1_001	8	100.0	50.0	2
case_13_d_2_bn_1_PP_1_001	9	100.0	56.25	2
case_13_d_2_bn_1_PP_1_001	10	100.0	62.5	2
case_13_d_2_bn_1_PP_1_001	11	100.0	68.75	2
case_13_d_2_bn_1_PP_1_001	12	100.0	75.0	2
case_13_d_2_bn_1_PP_1_001	13	100.0	81.25	2
case_13_d_2_bn_1_PP_1_001	14	100.0	87.5	2
case_13_d_2_bn_1_PP_1_001	15	93.3333333333	87.5	2
case_13_d_2_bn_1_PP_1_001	16	93.75	93.75	2
case_15_d_1_bn_1_PP_1_000	1	100.0	6.25	1
case_15_d_1_bn_1_PP_1_000	2	100.0	12.5	1
case_15_d_1_bn_1_PP_1_000	3	66.6666666667	12.5	1
case_15_d_1_bn_1_PP_1_000	4	75.0	18.75	1
case_15_d_1_bn_1_PP_1_000	5	80.0	25.0	1
case_15_d_1_bn_1_PP_1_000	6	83.3333333333	31.25	1
case_15_d_1_bn_1_PP_1_000	7	85.7142857143	37.5	1
case_15_d_1_bn_1_PP_1_000	8	87.5	43.75	1
case_15_d_1_bn_1_PP_1_000	9	88.8888888889	50.0	1
case_15_d_1_bn_1_PP_1_000	10	80.0	50.0	1
case_15_d_1_bn_1_PP_1_000	11	81.8181818182	56.25	1
case_15_d_1_bn_1_PP_1_000	12	83.3333333333	62.5	1
case_15_d_1_bn_1_PP_1_000	13	84.6153846154	68.75	1
case_15_d_1_bn_1_PP_1_000	14	85.7142857143	75.0	1
case_15_d_1_bn_1_PP_1_000	15	80.0	75.0	1
case_15_d_1_bn_1_PP_1_000	16	75.0	75.0	1
case_15_d_2_bn_1_PP_1_000	1	100.0	6.25	2
case_15_d_2_bn_1_PP_1_000	2	100.0	12.5	2
case_15_d_2_bn_1_PP_1_000	3	100.0	18.75	2
case_15_d_2_bn_1_PP_1_000	4	100.0	25.0	2
case_15_d_2_bn_1_PP_1_000	5	100.0	31.25	2
case_15_d_2_bn_1_PP_1_000	6	100.0	37.5	2
case_15_d_2_bn_1_PP_1_000	7	100.0	43.75	2
case_15_d_2_bn_1_PP_1_000	8	100.0	50.0	2
case_15_d_2_bn_1_PP_1_000	9	100.0	56.25	2
case_15_d_2_bn_1_PP_1_000	10	100.0	62.5	2
case_15_d_2_bn_1_PP_1_000	11	100.0	68.75	2
case_15_d_2_bn_1_PP_1_000	12	100.0	75.0	2
case_15_d_2_bn_1_PP_1_000	13	100.0	81.25	2
case_15_d_2_bn_1_PP_1_000	14	100.0	87.5	2
case_15_d_2_bn_1_PP_1_000	15	93.3333333333	87.5	2
case_15_d_2_bn_1_PP_1_000	16	93.75	93.75	2
case_17_d_1_bn_1_PP_1_010	1	100.0	6.25	1
case_17_d_1_bn_1_PP_1_010	2	100.0	12.5	1
case_17_d_1_bn_1_PP_1_010	3	66.6666666667	12.5	1
case_17_d_1_bn_1_PP_1_010	4	75.0	18.75	1
case_17_d_1_bn_1_PP_1_010	5	80.0	25.0	1
case_17_d_1_bn_1_PP_1_010	6	83.3333333333	31.25	1
case_17_d_1_bn_1_PP_1_010	7	85.7142857143	37.5	1
case_17_d_1_bn_1_PP_1_010	8	87.5	43.75	1
case_17_d_1_bn_1_PP_1_010	9	77.7777777778	43.75	1
case_17_d_1_bn_1_PP_1_010	10	70.0	43.75	1
case_17_d_1_bn_1_PP_1_010	11	63.6363636364	43.75	1
case_17_d_1_bn_1_PP_1_010	12	58.3333333333	43.75	1
case_17_d_1_bn_1_PP_1_010	13	53.8461538462	43.75	1
case_17_d_1_bn_1_PP_1_010	14	50.0	43.75	1
case_17_d_1_bn_1_PP_1_010	15	53.3333333333	50.0	1
case_17_d_1_bn_1_PP_1_010	16	56.25	56.25	1
case_17_d_2_bn_1_PP_1_010	1	100.0	6.25	2
case_17_d_2_bn_1_PP_1_010	2	100.0	12.5	2
case_17_d_2_bn_1_PP_1_010	3	100.0	18.75	2
case_17_d_2_bn_1_PP_1_010	4	100.0	25.0	2
case_17_d_2_bn_1_PP_1_010	5	100.0	31.25	2
case_17_d_2_bn_1_PP_1_010	6	100.0	37.5	2
case_17_d_2_bn_1_PP_1_010	7	100.0	43.75	2
case_17_d_2_bn_1_PP_1_010	8	100.0	50.0	2
case_17_d_2_bn_1_PP_1_010	9	100.0	56.25	2
case_17_d_2_bn_1_PP_1_010	10	100.0	62.5	2
case_17_d_2_bn_1_PP_1_010	11	100.0	68.75	2
case_17_d_2_bn_1_PP_1_010	12	100.0	75.0	2
case_17_d_2_bn_1_PP_1_010	13	100.0	81.25	2
case_17_d_2_bn_1_PP_1_010	14	100.0	87.5	2
case_17_d_2_bn_1_PP_1_010	15	93.3333333333	87.5	2
case_17_d_2_bn_1_PP_1_010	16	87.5	87.5	2
case_7_d_1_bn_1_PP_1_000	16	0.0	0.0	1
case_7_d_2_bn_1_PP_1_000	1	100.0	6.25	2
case_7_d_2_bn_1_PP_1_000	2	100.0	12.5	2
case_7_d_2_bn_1_PP_1_000	3	100.0	18.75	2
case_7_d_2_bn_1_PP_1_000	4	100.0	25.0	2
case_7_d_2_bn_1_PP_1_000	5	100.0	31.25	2
case_7_d_2_bn_1_PP_1_000	6	100.0	37.5	2
case_7_d_2_bn_1_PP_1_000	7	100.0	43.75	2
case_7_d_2_bn_1_PP_1_000	8	100.0	50.0	2
case_7_d_2_bn_1_PP_1_000	9	100.0	56.25	2
case_7_d_2_bn_1_PP_1_000	10	100.0	62.5	2
case_7_d_2_bn_1_PP_1_000	11	100.0	68.75	2
case_7_d_2_bn_1_PP_1_000	12	100.0	75.0	2
case_7_d_2_bn_1_PP_1_000	13	100.0	81.25	2
case_7_d_2_bn_1_PP_1_000	14	100.0	87.5	2
case_7_d_2_bn_1_PP_1_000	15	100.0	93.75	2
case_7_d_2_bn_1_PP_1_000	16	100.0	100.0	2
case_9_d_1_bn_1_PP_1_000	1	100.0	6.25	1
case_9_d_1_bn_1_PP_1_000	2	100.0	12.5	1
case_9_d_1_bn_1_PP_1_000	3	66.6666666667	12.5	1
case_9_d_1_bn_1_PP_1_000	4	50.0	12.5	1
case_9_d_1_bn_1_PP_1_000	5	40.0	12.5	1
case_9_d_1_bn_1_PP_1_000	6	50.0	18.75	1
case_9_d_1_bn_1_PP_1_000	7	57.1428571429	25.0	1
case_9_d_1_bn_1_PP_1_000	8	62.5	31.25	1
case_9_d_1_bn_1_PP_1_000	9	66.6666666667	37.5	1
case_9_d_1_bn_1_PP_1_000	10	60.0	37.5	1
case_9_d_1_bn_1_PP_1_000	11	63.6363636364	43.75	1
case_9_d_1_bn_1_PP_1_000	12	58.3333333333	43.75	1
case_9_d_1_bn_1_PP_1_000	13	53.8461538462	43.75	1
case_9_d_1_bn_1_PP_1_000	14	50.0	43.75	1
case_9_d_1_bn_1_PP_1_000	15	46.6666666667	43.75	1
case_9_d_1_bn_1_PP_1_000	16	43.75	43.75	1
case_9_d_2_bn_1_PP_1_000	1	100.0	6.25	2
case_9_d_2_bn_1_PP_1_000	2	100.0	12.5	2
case_9_d_2_bn_1_PP_1_000	3	100.0	18.75	2
case_9_d_2_bn_1_PP_1_000	4	100.0	25.0	2
case_9_d_2_bn_1_PP_1_000	5	100.0	31.25	2
case_9_d_2_bn_1_PP_1_000	6	100.0	37.5	2
case_9_d_2_bn_1_PP_1_000	7	100.0	43.75	2
case_9_d_2_bn_1_PP_1_000	8	100.0	50.0	2
case_9_d_2_bn_1_PP_1_000	9	100.0	56.25	2
case_9_d_2_bn_1_PP_1_000	10	100.0	62.5	2
case_9_d_2_bn_1_PP_1_000	11	100.0	68.75	2
case_9_d_2_bn_1_PP_1_000	12	100.0	75.0	2
case_9_d_2_bn_1_PP_1_000	13	100.0	81.25	2
case_9_d_2_bn_1_PP_1_000	14	100.0	87.5	2
case_9_d_2_bn_1_PP_1_000	15	100.0	93.75	2
case_9_d_2_bn_1_PP_1_000	16	100.0	100.0	2
