case_10_d_1_bn_1_PP_1_000	1	0.0	0.0	1
case_10_d_1_bn_1_PP_1_000	2	0.0	0.0	1
case_10_d_1_bn_1_PP_1_000	3	0.0	0.0	1
case_10_d_1_bn_1_PP_1_000	4	0.0	0.0	1
case_10_d_1_bn_1_PP_1_000	5	0.0	0.0	1
case_10_d_1_bn_1_PP_1_000	6	0.0	0.0	1
case_10_d_1_bn_1_PP_1_000	7	0.0	0.0	1
case_10_d_1_bn_1_PP_1_000	8	12.5	5.26315789474	1
case_10_d_1_bn_1_PP_1_000	9	11.1111111111	5.26315789474	1
case_10_d_1_bn_1_PP_1_000	10	10.0	5.26315789474	1
case_10_d_1_bn_1_PP_1_000	11	9.09090909091	5.26315789474	1
case_10_d_1_bn_1_PP_1_000	12	8.33333333333	5.26315789474	1
case_10_d_1_bn_1_PP_1_000	13	7.69230769231	5.26315789474	1
case_10_d_1_bn_1_PP_1_000	14	7.14285714286	5.26315789474	1
case_10_d_1_bn_1_PP_1_000	15	6.66666666667	5.26315789474	1
case_10_d_1_bn_1_PP_1_000	16	6.25	5.26315789474	1
case_10_d_1_bn_1_PP_1_000	17	5.88235294118	5.26315789474	1
case_10_d_1_bn_1_PP_1_000	18	5.55555555556	5.26315789474	1
case_10_d_1_bn_1_PP_1_000	19	5.26315789474	5.26315789474	1
case_10_d_2_bn_1_PP_1_000	1	0.0	0.0	2
case_10_d_2_bn_1_PP_1_000	2	0.0	0.0	2
case_10_d_2_bn_1_PP_1_000	3	0.0	0.0	2
case_10_d_2_bn_1_PP_1_000	4	0.0	0.0	2
case_10_d_2_bn_1_PP_1_000	5	0.0	0.0	2
case_10_d_2_bn_1_PP_1_000	6	0.0	0.0	2
case_10_d_2_bn_1_PP_1_000	7	0.0	0.0	2
case_10_d_2_bn_1_PP_1_000	8	0.0	0.0	2
case_10_d_2_bn_1_PP_1_000	9	0.0	0.0	2
case_10_d_2_bn_1_PP_1_000	10	0.0	0.0	2
case_10_d_2_bn_1_PP_1_000	11	0.0	0.0	2
case_10_d_2_bn_1_PP_1_000	12	0.0	0.0	2
case_10_d_2_bn_1_PP_1_000	13	0.0	0.0	2
case_10_d_2_bn_1_PP_1_000	14	0.0	0.0	2
case_10_d_2_bn_1_PP_1_000	15	0.0	0.0	2
case_10_d_2_bn_1_PP_1_000	16	0.0	0.0	2
case_10_d_2_bn_1_PP_1_000	17	0.0	0.0	2
case_10_d_2_bn_1_PP_1_000	18	0.0	0.0	2
case_10_d_2_bn_1_PP_1_000	19	0.0	0.0	2
case_10_d_3_bn_1_PP_1_000	1	0.0	0.0	3
case_10_d_3_bn_1_PP_1_000	2	0.0	0.0	3
case_10_d_3_bn_1_PP_1_000	3	0.0	0.0	3
case_10_d_3_bn_1_PP_1_000	4	0.0	0.0	3
case_10_d_3_bn_1_PP_1_000	5	0.0	0.0	3
case_10_d_3_bn_1_PP_1_000	6	0.0	0.0	3
case_10_d_3_bn_1_PP_1_000	7	14.2857142857	5.26315789474	3
case_10_d_3_bn_1_PP_1_000	8	12.5	5.26315789474	3
case_10_d_3_bn_1_PP_1_000	9	11.1111111111	5.26315789474	3
case_10_d_3_bn_1_PP_1_000	10	10.0	5.26315789474	3
case_10_d_3_bn_1_PP_1_000	11	9.09090909091	5.26315789474	3
case_10_d_3_bn_1_PP_1_000	12	8.33333333333	5.26315789474	3
case_10_d_3_bn_1_PP_1_000	13	7.69230769231	5.26315789474	3
case_10_d_3_bn_1_PP_1_000	14	7.14285714286	5.26315789474	3
case_10_d_3_bn_1_PP_1_000	15	6.66666666667	5.26315789474	3
case_10_d_3_bn_1_PP_1_000	16	6.25	5.26315789474	3
case_10_d_3_bn_1_PP_1_000	17	5.88235294118	5.26315789474	3
case_10_d_3_bn_1_PP_1_000	18	5.55555555556	5.26315789474	3
case_10_d_3_bn_1_PP_1_000	19	5.26315789474	5.26315789474	3
case_9_d_1_bn_1_PP_1_000	1	100.0	5.0	1
case_9_d_1_bn_1_PP_1_000	2	50.0	5.0	1
case_9_d_1_bn_1_PP_1_000	3	33.3333333333	5.0	1
case_9_d_1_bn_1_PP_1_000	4	25.0	5.0	1
case_9_d_1_bn_1_PP_1_000	5	20.0	5.0	1
case_9_d_1_bn_1_PP_1_000	6	16.6666666667	5.0	1
case_9_d_1_bn_1_PP_1_000	7	14.2857142857	5.0	1
case_9_d_1_bn_1_PP_1_000	8	12.5	5.0	1
case_9_d_1_bn_1_PP_1_000	9	11.1111111111	5.0	1
case_9_d_1_bn_1_PP_1_000	10	10.0	5.0	1
case_9_d_1_bn_1_PP_1_000	11	9.09090909091	5.0	1
case_9_d_1_bn_1_PP_1_000	12	8.33333333333	5.0	1
case_9_d_1_bn_1_PP_1_000	13	7.69230769231	5.0	1
case_9_d_1_bn_1_PP_1_000	14	7.14285714286	5.0	1
case_9_d_1_bn_1_PP_1_000	15	6.66666666667	5.0	1
case_9_d_1_bn_1_PP_1_000	16	6.25	5.0	1
case_9_d_1_bn_1_PP_1_000	17	5.88235294118	5.0	1
case_9_d_1_bn_1_PP_1_000	18	5.55555555556	5.0	1
case_9_d_1_bn_1_PP_1_000	19	5.26315789474	5.0	1
case_9_d_1_bn_1_PP_1_000	20	5.0	5.0	1
case_9_d_2_bn_1_PP_1_000	1	0.0	0.0	2
case_9_d_2_bn_1_PP_1_000	2	0.0	0.0	2
case_9_d_2_bn_1_PP_1_000	3	0.0	0.0	2
case_9_d_2_bn_1_PP_1_000	4	0.0	0.0	2
case_9_d_2_bn_1_PP_1_000	5	0.0	0.0	2
case_9_d_2_bn_1_PP_1_000	6	0.0	0.0	2
case_9_d_2_bn_1_PP_1_000	7	0.0	0.0	2
case_9_d_2_bn_1_PP_1_000	8	0.0	0.0	2
case_9_d_2_bn_1_PP_1_000	9	0.0	0.0	2
case_9_d_2_bn_1_PP_1_000	10	0.0	0.0	2
case_9_d_2_bn_1_PP_1_000	11	0.0	0.0	2
case_9_d_2_bn_1_PP_1_000	12	0.0	0.0	2
case_9_d_2_bn_1_PP_1_000	13	0.0	0.0	2
case_9_d_2_bn_1_PP_1_000	14	0.0	0.0	2
case_9_d_2_bn_1_PP_1_000	15	0.0	0.0	2
case_9_d_2_bn_1_PP_1_000	16	0.0	0.0	2
case_9_d_2_bn_1_PP_1_000	17	0.0	0.0	2
case_9_d_2_bn_1_PP_1_000	18	0.0	0.0	2
case_9_d_2_bn_1_PP_1_000	19	0.0	0.0	2
case_9_d_2_bn_1_PP_1_000	20	0.0	0.0	2
case_9_d_3_bn_1_PP_1_000	1	100.0	5.0	3
case_9_d_3_bn_1_PP_1_000	2	50.0	5.0	3
case_9_d_3_bn_1_PP_1_000	3	33.3333333333	5.0	3
case_9_d_3_bn_1_PP_1_000	4	25.0	5.0	3
case_9_d_3_bn_1_PP_1_000	5	20.0	5.0	3
case_9_d_3_bn_1_PP_1_000	6	16.6666666667	5.0	3
case_9_d_3_bn_1_PP_1_000	7	14.2857142857	5.0	3
case_9_d_3_bn_1_PP_1_000	8	12.5	5.0	3
case_9_d_3_bn_1_PP_1_000	9	11.1111111111	5.0	3
case_9_d_3_bn_1_PP_1_000	10	10.0	5.0	3
case_9_d_3_bn_1_PP_1_000	11	9.09090909091	5.0	3
case_9_d_3_bn_1_PP_1_000	12	8.33333333333	5.0	3
case_9_d_3_bn_1_PP_1_000	13	7.69230769231	5.0	3
case_9_d_3_bn_1_PP_1_000	14	7.14285714286	5.0	3
case_9_d_3_bn_1_PP_1_000	15	6.66666666667	5.0	3
case_9_d_3_bn_1_PP_1_000	16	6.25	5.0	3
case_9_d_3_bn_1_PP_1_000	17	5.88235294118	5.0	3
case_9_d_3_bn_1_PP_1_000	18	5.55555555556	5.0	3
case_9_d_3_bn_1_PP_1_000	19	5.26315789474	5.0	3
case_9_d_3_bn_1_PP_1_000	20	5.0	5.0	3
