case_10_d_1_bn_1_PP_1_000	1	100.0	5.88235294118	1
case_10_d_1_bn_1_PP_1_000	2	100.0	11.7647058824	1
case_10_d_1_bn_1_PP_1_000	3	100.0	17.6470588235	1
case_10_d_1_bn_1_PP_1_000	4	100.0	23.5294117647	1
case_10_d_1_bn_1_PP_1_000	5	100.0	29.4117647059	1
case_10_d_1_bn_1_PP_1_000	6	83.3333333333	29.4117647059	1
case_10_d_1_bn_1_PP_1_000	7	71.4285714286	29.4117647059	1
case_10_d_1_bn_1_PP_1_000	8	62.5	29.4117647059	1
case_10_d_1_bn_1_PP_1_000	9	66.6666666667	35.2941176471	1
case_10_d_1_bn_1_PP_1_000	10	70.0	41.1764705882	1
case_10_d_1_bn_1_PP_1_000	11	72.7272727273	47.0588235294	1
case_10_d_1_bn_1_PP_1_000	12	66.6666666667	47.0588235294	1
case_10_d_1_bn_1_PP_1_000	13	61.5384615385	47.0588235294	1
case_10_d_1_bn_1_PP_1_000	14	64.2857142857	52.9411764706	1
case_10_d_1_bn_1_PP_1_000	15	60.0	52.9411764706	1
case_10_d_1_bn_1_PP_1_000	16	62.5	58.8235294118	1
case_10_d_1_bn_1_PP_1_000	17	64.7058823529	64.7058823529	1
case_10_d_2_bn_1_PP_1_000	1	100.0	5.88235294118	2
case_10_d_2_bn_1_PP_1_000	2	50.0	5.88235294118	2
case_10_d_2_bn_1_PP_1_000	3	33.3333333333	5.88235294118	2
case_10_d_2_bn_1_PP_1_000	4	25.0	5.88235294118	2
case_10_d_2_bn_1_PP_1_000	5	20.0	5.88235294118	2
case_10_d_2_bn_1_PP_1_000	6	16.6666666667	5.88235294118	2
case_10_d_2_bn_1_PP_1_000	7	14.2857142857	5.88235294118	2
case_10_d_2_bn_1_PP_1_000	8	12.5	5.88235294118	2
case_10_d_2_bn_1_PP_1_000	9	11.1111111111	5.88235294118	2
case_10_d_2_bn_1_PP_1_000	10	10.0	5.88235294118	2
case_10_d_2_bn_1_PP_1_000	11	18.1818181818	11.7647058824	2
case_10_d_2_bn_1_PP_1_000	12	25.0	17.6470588235	2
case_10_d_2_bn_1_PP_1_000	13	23.0769230769	17.6470588235	2
case_10_d_2_bn_1_PP_1_000	14	21.4285714286	17.6470588235	2
case_10_d_2_bn_1_PP_1_000	15	20.0	17.6470588235	2
case_10_d_2_bn_1_PP_1_000	16	25.0	23.5294117647	2
case_10_d_2_bn_1_PP_1_000	17	23.5294117647	23.5294117647	2
case_10_d_3_bn_1_PP_1_000	1	100.0	5.88235294118	3
case_10_d_3_bn_1_PP_1_000	2	100.0	11.7647058824	3
case_10_d_3_bn_1_PP_1_000	3	100.0	17.6470588235	3
case_10_d_3_bn_1_PP_1_000	4	100.0	23.5294117647	3
case_10_d_3_bn_1_PP_1_000	5	100.0	29.4117647059	3
case_10_d_3_bn_1_PP_1_000	6	100.0	35.2941176471	3
case_10_d_3_bn_1_PP_1_000	7	100.0	41.1764705882	3
case_10_d_3_bn_1_PP_1_000	8	87.5	41.1764705882	3
case_10_d_3_bn_1_PP_1_000	9	77.7777777778	41.1764705882	3
case_10_d_3_bn_1_PP_1_000	10	70.0	41.1764705882	3
case_10_d_3_bn_1_PP_1_000	11	63.6363636364	41.1764705882	3
case_10_d_3_bn_1_PP_1_000	12	58.3333333333	41.1764705882	3
case_10_d_3_bn_1_PP_1_000	13	61.5384615385	47.0588235294	3
case_10_d_3_bn_1_PP_1_000	14	57.1428571429	47.0588235294	3
case_10_d_3_bn_1_PP_1_000	15	60.0	52.9411764706	3
case_10_d_3_bn_1_PP_1_000	16	56.25	52.9411764706	3
case_10_d_3_bn_1_PP_1_000	17	52.9411764706	52.9411764706	3
case_9_d_1_bn_1_PP_1_000	1	100.0	5.55555555556	1
case_9_d_1_bn_1_PP_1_000	2	100.0	11.1111111111	1
case_9_d_1_bn_1_PP_1_000	3	100.0	16.6666666667	1
case_9_d_1_bn_1_PP_1_000	4	100.0	22.2222222222	1
case_9_d_1_bn_1_PP_1_000	5	80.0	22.2222222222	1
case_9_d_1_bn_1_PP_1_000	6	66.6666666667	22.2222222222	1
case_9_d_1_bn_1_PP_1_000	7	57.1428571429	22.2222222222	1
case_9_d_1_bn_1_PP_1_000	8	62.5	27.7777777778	1
case_9_d_1_bn_1_PP_1_000	9	55.5555555556	27.7777777778	1
case_9_d_1_bn_1_PP_1_000	10	50.0	27.7777777778	1
case_9_d_1_bn_1_PP_1_000	11	45.4545454545	27.7777777778	1
case_9_d_1_bn_1_PP_1_000	12	41.6666666667	27.7777777778	1
case_9_d_1_bn_1_PP_1_000	13	38.4615384615	27.7777777778	1
case_9_d_1_bn_1_PP_1_000	14	42.8571428571	33.3333333333	1
case_9_d_1_bn_1_PP_1_000	15	40.0	33.3333333333	1
case_9_d_1_bn_1_PP_1_000	16	37.5	33.3333333333	1
case_9_d_1_bn_1_PP_1_000	17	35.2941176471	33.3333333333	1
case_9_d_1_bn_1_PP_1_000	18	33.3333333333	33.3333333333	1
case_9_d_2_bn_1_PP_1_000	1	100.0	5.55555555556	2
case_9_d_2_bn_1_PP_1_000	2	100.0	11.1111111111	2
case_9_d_2_bn_1_PP_1_000	3	100.0	16.6666666667	2
case_9_d_2_bn_1_PP_1_000	4	75.0	16.6666666667	2
case_9_d_2_bn_1_PP_1_000	5	60.0	16.6666666667	2
case_9_d_2_bn_1_PP_1_000	6	50.0	16.6666666667	2
case_9_d_2_bn_1_PP_1_000	7	42.8571428571	16.6666666667	2
case_9_d_2_bn_1_PP_1_000	8	50.0	22.2222222222	2
case_9_d_2_bn_1_PP_1_000	9	44.4444444444	22.2222222222	2
case_9_d_2_bn_1_PP_1_000	10	40.0	22.2222222222	2
case_9_d_2_bn_1_PP_1_000	11	36.3636363636	22.2222222222	2
case_9_d_2_bn_1_PP_1_000	12	33.3333333333	22.2222222222	2
case_9_d_2_bn_1_PP_1_000	13	30.7692307692	22.2222222222	2
case_9_d_2_bn_1_PP_1_000	14	28.5714285714	22.2222222222	2
case_9_d_2_bn_1_PP_1_000	15	26.6666666667	22.2222222222	2
case_9_d_2_bn_1_PP_1_000	16	25.0	22.2222222222	2
case_9_d_2_bn_1_PP_1_000	17	29.4117647059	27.7777777778	2
case_9_d_2_bn_1_PP_1_000	18	27.7777777778	27.7777777778	2
case_9_d_3_bn_1_PP_1_000	1	100.0	5.55555555556	3
case_9_d_3_bn_1_PP_1_000	2	100.0	11.1111111111	3
case_9_d_3_bn_1_PP_1_000	3	100.0	16.6666666667	3
case_9_d_3_bn_1_PP_1_000	4	100.0	22.2222222222	3
case_9_d_3_bn_1_PP_1_000	5	100.0	27.7777777778	3
case_9_d_3_bn_1_PP_1_000	6	83.3333333333	27.7777777778	3
case_9_d_3_bn_1_PP_1_000	7	71.4285714286	27.7777777778	3
case_9_d_3_bn_1_PP_1_000	8	62.5	27.7777777778	3
case_9_d_3_bn_1_PP_1_000	9	55.5555555556	27.7777777778	3
case_9_d_3_bn_1_PP_1_000	10	50.0	27.7777777778	3
case_9_d_3_bn_1_PP_1_000	11	45.4545454545	27.7777777778	3
case_9_d_3_bn_1_PP_1_000	12	41.6666666667	27.7777777778	3
case_9_d_3_bn_1_PP_1_000	13	38.4615384615	27.7777777778	3
case_9_d_3_bn_1_PP_1_000	14	42.8571428571	33.3333333333	3
case_9_d_3_bn_1_PP_1_000	15	40.0	33.3333333333	3
case_9_d_3_bn_1_PP_1_000	16	37.5	33.3333333333	3
case_9_d_3_bn_1_PP_1_000	17	35.2941176471	33.3333333333	3
case_9_d_3_bn_1_PP_1_000	18	33.3333333333	33.3333333333	3
