case_10_d_1_bn_1_PP_1_000	70	99.7267349137	50.4489795918	1
case_10_d_2_bn_1_PP_1_000	70	99.7483799354	50.4693877551	2
case_11_d_1_bn_1_PP_1_000	70	98.3813081235	49.3265306122	1
case_11_d_2_bn_1_PP_1_000	70	98.593651162	49.7755102041	2
case_13_d_1_bn_1_PP_1_001	70	99.1167721063	49.9183673469	1
case_13_d_2_bn_1_PP_1_001	70	98.8755675513	49.8979591837	2
case_15_d_1_bn_1_PP_1_000	70	99.6812550935	50.4081632653	1
case_15_d_2_bn_1_PP_1_000	70	98.247009335	49.306122449	2
case_17_d_1_bn_1_PP_1_010	70	98.8711421797	49.7346938776	1
case_17_d_2_bn_1_PP_1_010	70	98.5947518808	49.693877551	2
case_7_d_1_bn_1_PP_1_000	70	0.0	0.0	1
case_7_d_2_bn_1_PP_1_000	70	99.9795918367	50.693877551	2
case_9_d_1_bn_1_PP_1_000	70	98.1060364888	49.1224489796	1
case_9_d_2_bn_1_PP_1_000	70	99.9174713364	50.6326530612	2
