case_10_d_1_bn_1_PP_1_000	1	100.0	4.54545454545	1
case_10_d_1_bn_1_PP_1_000	2	50.0	4.54545454545	1
case_10_d_1_bn_1_PP_1_000	3	66.6666666667	9.09090909091	1
case_10_d_1_bn_1_PP_1_000	4	75.0	13.6363636364	1
case_10_d_1_bn_1_PP_1_000	5	60.0	13.6363636364	1
case_10_d_1_bn_1_PP_1_000	6	50.0	13.6363636364	1
case_10_d_1_bn_1_PP_1_000	7	42.8571428571	13.6363636364	1
case_10_d_1_bn_1_PP_1_000	8	50.0	18.1818181818	1
case_10_d_1_bn_1_PP_1_000	9	44.4444444444	18.1818181818	1
case_10_d_1_bn_1_PP_1_000	10	50.0	22.7272727273	1
case_10_d_1_bn_1_PP_1_000	11	45.4545454545	22.7272727273	1
case_10_d_1_bn_1_PP_1_000	12	41.6666666667	22.7272727273	1
case_10_d_1_bn_1_PP_1_000	13	38.4615384615	22.7272727273	1
case_10_d_1_bn_1_PP_1_000	14	42.8571428571	27.2727272727	1
case_10_d_1_bn_1_PP_1_000	15	46.6666666667	31.8181818182	1
case_10_d_1_bn_1_PP_1_000	16	43.75	31.8181818182	1
case_10_d_1_bn_1_PP_1_000	17	47.0588235294	36.3636363636	1
case_10_d_1_bn_1_PP_1_000	18	44.4444444444	36.3636363636	1
case_10_d_1_bn_1_PP_1_000	19	47.3684210526	40.9090909091	1
case_10_d_1_bn_1_PP_1_000	20	50.0	45.4545454545	1
case_10_d_1_bn_1_PP_1_000	21	47.619047619	45.4545454545	1
case_10_d_1_bn_1_PP_1_000	22	45.4545454545	45.4545454545	1
case_10_d_2_bn_1_PP_1_000	1	100.0	4.54545454545	2
case_10_d_2_bn_1_PP_1_000	2	100.0	9.09090909091	2
case_10_d_2_bn_1_PP_1_000	3	100.0	13.6363636364	2
case_10_d_2_bn_1_PP_1_000	4	75.0	13.6363636364	2
case_10_d_2_bn_1_PP_1_000	5	80.0	18.1818181818	2
case_10_d_2_bn_1_PP_1_000	6	66.6666666667	18.1818181818	2
case_10_d_2_bn_1_PP_1_000	7	71.4285714286	22.7272727273	2
case_10_d_2_bn_1_PP_1_000	8	75.0	27.2727272727	2
case_10_d_2_bn_1_PP_1_000	9	77.7777777778	31.8181818182	2
case_10_d_2_bn_1_PP_1_000	10	80.0	36.3636363636	2
case_10_d_2_bn_1_PP_1_000	11	81.8181818182	40.9090909091	2
case_10_d_2_bn_1_PP_1_000	12	83.3333333333	45.4545454545	2
case_10_d_2_bn_1_PP_1_000	13	84.6153846154	50.0	2
case_10_d_2_bn_1_PP_1_000	14	78.5714285714	50.0	2
case_10_d_2_bn_1_PP_1_000	15	73.3333333333	50.0	2
case_10_d_2_bn_1_PP_1_000	16	68.75	50.0	2
case_10_d_2_bn_1_PP_1_000	17	64.7058823529	50.0	2
case_10_d_2_bn_1_PP_1_000	18	61.1111111111	50.0	2
case_10_d_2_bn_1_PP_1_000	19	57.8947368421	50.0	2
case_10_d_2_bn_1_PP_1_000	20	60.0	54.5454545455	2
case_10_d_2_bn_1_PP_1_000	21	57.1428571429	54.5454545455	2
case_10_d_2_bn_1_PP_1_000	22	54.5454545455	54.5454545455	2
case_11_d_1_bn_1_PP_1_000	1	0.0	0.0	1
case_11_d_1_bn_1_PP_1_000	2	50.0	4.54545454545	1
case_11_d_1_bn_1_PP_1_000	3	33.3333333333	4.54545454545	1
case_11_d_1_bn_1_PP_1_000	4	25.0	4.54545454545	1
case_11_d_1_bn_1_PP_1_000	5	20.0	4.54545454545	1
case_11_d_1_bn_1_PP_1_000	6	16.6666666667	4.54545454545	1
case_11_d_1_bn_1_PP_1_000	7	14.2857142857	4.54545454545	1
case_11_d_1_bn_1_PP_1_000	8	25.0	9.09090909091	1
case_11_d_1_bn_1_PP_1_000	9	33.3333333333	13.6363636364	1
case_11_d_1_bn_1_PP_1_000	10	40.0	18.1818181818	1
case_11_d_1_bn_1_PP_1_000	11	45.4545454545	22.7272727273	1
case_11_d_1_bn_1_PP_1_000	12	41.6666666667	22.7272727273	1
case_11_d_1_bn_1_PP_1_000	13	38.4615384615	22.7272727273	1
case_11_d_1_bn_1_PP_1_000	14	35.7142857143	22.7272727273	1
case_11_d_1_bn_1_PP_1_000	15	33.3333333333	22.7272727273	1
case_11_d_1_bn_1_PP_1_000	16	37.5	27.2727272727	1
case_11_d_1_bn_1_PP_1_000	17	35.2941176471	27.2727272727	1
case_11_d_1_bn_1_PP_1_000	18	33.3333333333	27.2727272727	1
case_11_d_1_bn_1_PP_1_000	19	31.5789473684	27.2727272727	1
case_11_d_1_bn_1_PP_1_000	20	35.0	31.8181818182	1
case_11_d_1_bn_1_PP_1_000	21	38.0952380952	36.3636363636	1
case_11_d_1_bn_1_PP_1_000	22	36.3636363636	36.3636363636	1
case_11_d_2_bn_1_PP_1_000	1	100.0	4.54545454545	2
case_11_d_2_bn_1_PP_1_000	2	100.0	9.09090909091	2
case_11_d_2_bn_1_PP_1_000	3	100.0	13.6363636364	2
case_11_d_2_bn_1_PP_1_000	4	100.0	18.1818181818	2
case_11_d_2_bn_1_PP_1_000	5	100.0	22.7272727273	2
case_11_d_2_bn_1_PP_1_000	6	83.3333333333	22.7272727273	2
case_11_d_2_bn_1_PP_1_000	7	85.7142857143	27.2727272727	2
case_11_d_2_bn_1_PP_1_000	8	87.5	31.8181818182	2
case_11_d_2_bn_1_PP_1_000	9	88.8888888889	36.3636363636	2
case_11_d_2_bn_1_PP_1_000	10	90.0	40.9090909091	2
case_11_d_2_bn_1_PP_1_000	11	90.9090909091	45.4545454545	2
case_11_d_2_bn_1_PP_1_000	12	83.3333333333	45.4545454545	2
case_11_d_2_bn_1_PP_1_000	13	84.6153846154	50.0	2
case_11_d_2_bn_1_PP_1_000	14	85.7142857143	54.5454545455	2
case_11_d_2_bn_1_PP_1_000	15	80.0	54.5454545455	2
case_11_d_2_bn_1_PP_1_000	16	75.0	54.5454545455	2
case_11_d_2_bn_1_PP_1_000	17	76.4705882353	59.0909090909	2
case_11_d_2_bn_1_PP_1_000	18	72.2222222222	59.0909090909	2
case_11_d_2_bn_1_PP_1_000	19	73.6842105263	63.6363636364	2
case_11_d_2_bn_1_PP_1_000	20	75.0	68.1818181818	2
case_11_d_2_bn_1_PP_1_000	21	71.4285714286	68.1818181818	2
case_11_d_2_bn_1_PP_1_000	22	68.1818181818	68.1818181818	2
case_13_d_1_bn_1_PP_1_001	1	100.0	4.54545454545	1
case_13_d_1_bn_1_PP_1_001	2	50.0	4.54545454545	1
case_13_d_1_bn_1_PP_1_001	3	66.6666666667	9.09090909091	1
case_13_d_1_bn_1_PP_1_001	4	50.0	9.09090909091	1
case_13_d_1_bn_1_PP_1_001	5	40.0	9.09090909091	1
case_13_d_1_bn_1_PP_1_001	6	33.3333333333	9.09090909091	1
case_13_d_1_bn_1_PP_1_001	7	28.5714285714	9.09090909091	1
case_13_d_1_bn_1_PP_1_001	8	25.0	9.09090909091	1
case_13_d_1_bn_1_PP_1_001	9	22.2222222222	9.09090909091	1
case_13_d_1_bn_1_PP_1_001	10	30.0	13.6363636364	1
case_13_d_1_bn_1_PP_1_001	11	36.3636363636	18.1818181818	1
case_13_d_1_bn_1_PP_1_001	12	33.3333333333	18.1818181818	1
case_13_d_1_bn_1_PP_1_001	13	30.7692307692	18.1818181818	1
case_13_d_1_bn_1_PP_1_001	14	35.7142857143	22.7272727273	1
case_13_d_1_bn_1_PP_1_001	15	40.0	27.2727272727	1
case_13_d_1_bn_1_PP_1_001	16	37.5	27.2727272727	1
case_13_d_1_bn_1_PP_1_001	17	41.1764705882	31.8181818182	1
case_13_d_1_bn_1_PP_1_001	18	38.8888888889	31.8181818182	1
case_13_d_1_bn_1_PP_1_001	19	36.8421052632	31.8181818182	1
case_13_d_1_bn_1_PP_1_001	20	35.0	31.8181818182	1
case_13_d_1_bn_1_PP_1_001	21	38.0952380952	36.3636363636	1
case_13_d_1_bn_1_PP_1_001	22	36.3636363636	36.3636363636	1
case_13_d_2_bn_1_PP_1_001	1	100.0	4.54545454545	2
case_13_d_2_bn_1_PP_1_001	2	100.0	9.09090909091	2
case_13_d_2_bn_1_PP_1_001	3	100.0	13.6363636364	2
case_13_d_2_bn_1_PP_1_001	4	100.0	18.1818181818	2
case_13_d_2_bn_1_PP_1_001	5	100.0	22.7272727273	2
case_13_d_2_bn_1_PP_1_001	6	83.3333333333	22.7272727273	2
case_13_d_2_bn_1_PP_1_001	7	85.7142857143	27.2727272727	2
case_13_d_2_bn_1_PP_1_001	8	87.5	31.8181818182	2
case_13_d_2_bn_1_PP_1_001	9	88.8888888889	36.3636363636	2
case_13_d_2_bn_1_PP_1_001	10	80.0	36.3636363636	2
case_13_d_2_bn_1_PP_1_001	11	81.8181818182	40.9090909091	2
case_13_d_2_bn_1_PP_1_001	12	83.3333333333	45.4545454545	2
case_13_d_2_bn_1_PP_1_001	13	84.6153846154	50.0	2
case_13_d_2_bn_1_PP_1_001	14	78.5714285714	50.0	2
case_13_d_2_bn_1_PP_1_001	15	73.3333333333	50.0	2
case_13_d_2_bn_1_PP_1_001	16	68.75	50.0	2
case_13_d_2_bn_1_PP_1_001	17	64.7058823529	50.0	2
case_13_d_2_bn_1_PP_1_001	18	61.1111111111	50.0	2
case_13_d_2_bn_1_PP_1_001	19	57.8947368421	50.0	2
case_13_d_2_bn_1_PP_1_001	20	60.0	54.5454545455	2
case_13_d_2_bn_1_PP_1_001	21	61.9047619048	59.0909090909	2
case_13_d_2_bn_1_PP_1_001	22	59.0909090909	59.0909090909	2
case_15_d_1_bn_1_PP_1_000	1	100.0	4.54545454545	1
case_15_d_1_bn_1_PP_1_000	2	100.0	9.09090909091	1
case_15_d_1_bn_1_PP_1_000	3	100.0	13.6363636364	1
case_15_d_1_bn_1_PP_1_000	4	100.0	18.1818181818	1
case_15_d_1_bn_1_PP_1_000	5	80.0	18.1818181818	1
case_15_d_1_bn_1_PP_1_000	6	66.6666666667	18.1818181818	1
case_15_d_1_bn_1_PP_1_000	7	57.1428571429	18.1818181818	1
case_15_d_1_bn_1_PP_1_000	8	50.0	18.1818181818	1
case_15_d_1_bn_1_PP_1_000	9	44.4444444444	18.1818181818	1
case_15_d_1_bn_1_PP_1_000	10	50.0	22.7272727273	1
case_15_d_1_bn_1_PP_1_000	11	45.4545454545	22.7272727273	1
case_15_d_1_bn_1_PP_1_000	12	41.6666666667	22.7272727273	1
case_15_d_1_bn_1_PP_1_000	13	46.1538461538	27.2727272727	1
case_15_d_1_bn_1_PP_1_000	14	50.0	31.8181818182	1
case_15_d_1_bn_1_PP_1_000	15	46.6666666667	31.8181818182	1
case_15_d_1_bn_1_PP_1_000	16	43.75	31.8181818182	1
case_15_d_1_bn_1_PP_1_000	17	41.1764705882	31.8181818182	1
case_15_d_1_bn_1_PP_1_000	18	38.8888888889	31.8181818182	1
case_15_d_1_bn_1_PP_1_000	19	42.1052631579	36.3636363636	1
case_15_d_1_bn_1_PP_1_000	20	40.0	36.3636363636	1
case_15_d_1_bn_1_PP_1_000	21	42.8571428571	40.9090909091	1
case_15_d_1_bn_1_PP_1_000	22	40.9090909091	40.9090909091	1
case_15_d_2_bn_1_PP_1_000	1	100.0	4.54545454545	2
case_15_d_2_bn_1_PP_1_000	2	100.0	9.09090909091	2
case_15_d_2_bn_1_PP_1_000	3	100.0	13.6363636364	2
case_15_d_2_bn_1_PP_1_000	4	100.0	18.1818181818	2
case_15_d_2_bn_1_PP_1_000	5	80.0	18.1818181818	2
case_15_d_2_bn_1_PP_1_000	6	83.3333333333	22.7272727273	2
case_15_d_2_bn_1_PP_1_000	7	85.7142857143	27.2727272727	2
case_15_d_2_bn_1_PP_1_000	8	87.5	31.8181818182	2
case_15_d_2_bn_1_PP_1_000	9	77.7777777778	31.8181818182	2
case_15_d_2_bn_1_PP_1_000	10	80.0	36.3636363636	2
case_15_d_2_bn_1_PP_1_000	11	72.7272727273	36.3636363636	2
case_15_d_2_bn_1_PP_1_000	12	75.0	40.9090909091	2
case_15_d_2_bn_1_PP_1_000	13	76.9230769231	45.4545454545	2
case_15_d_2_bn_1_PP_1_000	14	71.4285714286	45.4545454545	2
case_15_d_2_bn_1_PP_1_000	15	73.3333333333	50.0	2
case_15_d_2_bn_1_PP_1_000	16	75.0	54.5454545455	2
case_15_d_2_bn_1_PP_1_000	17	76.4705882353	59.0909090909	2
case_15_d_2_bn_1_PP_1_000	18	77.7777777778	63.6363636364	2
case_15_d_2_bn_1_PP_1_000	19	73.6842105263	63.6363636364	2
case_15_d_2_bn_1_PP_1_000	20	70.0	63.6363636364	2
case_15_d_2_bn_1_PP_1_000	21	71.4285714286	68.1818181818	2
case_15_d_2_bn_1_PP_1_000	22	68.1818181818	68.1818181818	2
case_17_d_1_bn_1_PP_1_010	1	0.0	0.0	1
case_17_d_1_bn_1_PP_1_010	2	0.0	0.0	1
case_17_d_1_bn_1_PP_1_010	3	0.0	0.0	1
case_17_d_1_bn_1_PP_1_010	4	0.0	0.0	1
case_17_d_1_bn_1_PP_1_010	5	20.0	4.54545454545	1
case_17_d_1_bn_1_PP_1_010	6	33.3333333333	9.09090909091	1
case_17_d_1_bn_1_PP_1_010	7	42.8571428571	13.6363636364	1
case_17_d_1_bn_1_PP_1_010	8	37.5	13.6363636364	1
case_17_d_1_bn_1_PP_1_010	9	33.3333333333	13.6363636364	1
case_17_d_1_bn_1_PP_1_010	10	30.0	13.6363636364	1
case_17_d_1_bn_1_PP_1_010	11	36.3636363636	18.1818181818	1
case_17_d_1_bn_1_PP_1_010	12	33.3333333333	18.1818181818	1
case_17_d_1_bn_1_PP_1_010	13	38.4615384615	22.7272727273	1
case_17_d_1_bn_1_PP_1_010	14	35.7142857143	22.7272727273	1
case_17_d_1_bn_1_PP_1_010	15	33.3333333333	22.7272727273	1
case_17_d_1_bn_1_PP_1_010	16	37.5	27.2727272727	1
case_17_d_1_bn_1_PP_1_010	17	35.2941176471	27.2727272727	1
case_17_d_1_bn_1_PP_1_010	18	33.3333333333	27.2727272727	1
case_17_d_1_bn_1_PP_1_010	19	31.5789473684	27.2727272727	1
case_17_d_1_bn_1_PP_1_010	20	30.0	27.2727272727	1
case_17_d_1_bn_1_PP_1_010	21	28.5714285714	27.2727272727	1
case_17_d_1_bn_1_PP_1_010	22	27.2727272727	27.2727272727	1
case_17_d_2_bn_1_PP_1_010	1	100.0	4.54545454545	2
case_17_d_2_bn_1_PP_1_010	2	100.0	9.09090909091	2
case_17_d_2_bn_1_PP_1_010	3	100.0	13.6363636364	2
case_17_d_2_bn_1_PP_1_010	4	100.0	18.1818181818	2
case_17_d_2_bn_1_PP_1_010	5	100.0	22.7272727273	2
case_17_d_2_bn_1_PP_1_010	6	83.3333333333	22.7272727273	2
case_17_d_2_bn_1_PP_1_010	7	85.7142857143	27.2727272727	2
case_17_d_2_bn_1_PP_1_010	8	87.5	31.8181818182	2
case_17_d_2_bn_1_PP_1_010	9	88.8888888889	36.3636363636	2
case_17_d_2_bn_1_PP_1_010	10	80.0	36.3636363636	2
case_17_d_2_bn_1_PP_1_010	11	81.8181818182	40.9090909091	2
case_17_d_2_bn_1_PP_1_010	12	83.3333333333	45.4545454545	2
case_17_d_2_bn_1_PP_1_010	13	84.6153846154	50.0	2
case_17_d_2_bn_1_PP_1_010	14	78.5714285714	50.0	2
case_17_d_2_bn_1_PP_1_010	15	73.3333333333	50.0	2
case_17_d_2_bn_1_PP_1_010	16	68.75	50.0	2
case_17_d_2_bn_1_PP_1_010	17	64.7058823529	50.0	2
case_17_d_2_bn_1_PP_1_010	18	66.6666666667	54.5454545455	2
case_17_d_2_bn_1_PP_1_010	19	63.1578947368	54.5454545455	2
case_17_d_2_bn_1_PP_1_010	20	60.0	54.5454545455	2
case_17_d_2_bn_1_PP_1_010	21	57.1428571429	54.5454545455	2
case_17_d_2_bn_1_PP_1_010	22	59.0909090909	59.0909090909	2
case_7_d_1_bn_1_PP_1_000	22	0.0	0.0	1
case_7_d_2_bn_1_PP_1_000	1	100.0	4.54545454545	2
case_7_d_2_bn_1_PP_1_000	2	100.0	9.09090909091	2
case_7_d_2_bn_1_PP_1_000	3	100.0	13.6363636364	2
case_7_d_2_bn_1_PP_1_000	4	100.0	18.1818181818	2
case_7_d_2_bn_1_PP_1_000	5	100.0	22.7272727273	2
case_7_d_2_bn_1_PP_1_000	6	100.0	27.2727272727	2
case_7_d_2_bn_1_PP_1_000	7	100.0	31.8181818182	2
case_7_d_2_bn_1_PP_1_000	8	100.0	36.3636363636	2
case_7_d_2_bn_1_PP_1_000	9	100.0	40.9090909091	2
case_7_d_2_bn_1_PP_1_000	10	100.0	45.4545454545	2
case_7_d_2_bn_1_PP_1_000	11	100.0	50.0	2
case_7_d_2_bn_1_PP_1_000	12	100.0	54.5454545455	2
case_7_d_2_bn_1_PP_1_000	13	100.0	59.0909090909	2
case_7_d_2_bn_1_PP_1_000	14	100.0	63.6363636364	2
case_7_d_2_bn_1_PP_1_000	15	100.0	68.1818181818	2
case_7_d_2_bn_1_PP_1_000	16	100.0	72.7272727273	2
case_7_d_2_bn_1_PP_1_000	17	100.0	77.2727272727	2
case_7_d_2_bn_1_PP_1_000	18	100.0	81.8181818182	2
case_7_d_2_bn_1_PP_1_000	19	100.0	86.3636363636	2
case_7_d_2_bn_1_PP_1_000	20	100.0	90.9090909091	2
case_7_d_2_bn_1_PP_1_000	21	100.0	95.4545454545	2
case_7_d_2_bn_1_PP_1_000	22	95.4545454545	95.4545454545	2
case_9_d_1_bn_1_PP_1_000	1	100.0	4.54545454545	1
case_9_d_1_bn_1_PP_1_000	2	100.0	9.09090909091	1
case_9_d_1_bn_1_PP_1_000	3	100.0	13.6363636364	1
case_9_d_1_bn_1_PP_1_000	4	100.0	18.1818181818	1
case_9_d_1_bn_1_PP_1_000	5	100.0	22.7272727273	1
case_9_d_1_bn_1_PP_1_000	6	100.0	27.2727272727	1
case_9_d_1_bn_1_PP_1_000	7	100.0	31.8181818182	1
case_9_d_1_bn_1_PP_1_000	8	100.0	36.3636363636	1
case_9_d_1_bn_1_PP_1_000	9	100.0	40.9090909091	1
case_9_d_1_bn_1_PP_1_000	10	100.0	45.4545454545	1
case_9_d_1_bn_1_PP_1_000	11	90.9090909091	45.4545454545	1
case_9_d_1_bn_1_PP_1_000	12	91.6666666667	50.0	1
case_9_d_1_bn_1_PP_1_000	13	84.6153846154	50.0	1
case_9_d_1_bn_1_PP_1_000	14	78.5714285714	50.0	1
case_9_d_1_bn_1_PP_1_000	15	73.3333333333	50.0	1
case_9_d_1_bn_1_PP_1_000	16	68.75	50.0	1
case_9_d_1_bn_1_PP_1_000	17	64.7058823529	50.0	1
case_9_d_1_bn_1_PP_1_000	18	61.1111111111	50.0	1
case_9_d_1_bn_1_PP_1_000	19	57.8947368421	50.0	1
case_9_d_1_bn_1_PP_1_000	20	55.0	50.0	1
case_9_d_1_bn_1_PP_1_000	21	52.380952381	50.0	1
case_9_d_1_bn_1_PP_1_000	22	50.0	50.0	1
case_9_d_2_bn_1_PP_1_000	1	100.0	4.54545454545	2
case_9_d_2_bn_1_PP_1_000	2	100.0	9.09090909091	2
case_9_d_2_bn_1_PP_1_000	3	100.0	13.6363636364	2
case_9_d_2_bn_1_PP_1_000	4	100.0	18.1818181818	2
case_9_d_2_bn_1_PP_1_000	5	100.0	22.7272727273	2
case_9_d_2_bn_1_PP_1_000	6	100.0	27.2727272727	2
case_9_d_2_bn_1_PP_1_000	7	100.0	31.8181818182	2
case_9_d_2_bn_1_PP_1_000	8	100.0	36.3636363636	2
case_9_d_2_bn_1_PP_1_000	9	100.0	40.9090909091	2
case_9_d_2_bn_1_PP_1_000	10	100.0	45.4545454545	2
case_9_d_2_bn_1_PP_1_000	11	100.0	50.0	2
case_9_d_2_bn_1_PP_1_000	12	100.0	54.5454545455	2
case_9_d_2_bn_1_PP_1_000	13	100.0	59.0909090909	2
case_9_d_2_bn_1_PP_1_000	14	100.0	63.6363636364	2
case_9_d_2_bn_1_PP_1_000	15	100.0	68.1818181818	2
case_9_d_2_bn_1_PP_1_000	16	100.0	72.7272727273	2
case_9_d_2_bn_1_PP_1_000	17	100.0	77.2727272727	2
case_9_d_2_bn_1_PP_1_000	18	100.0	81.8181818182	2
case_9_d_2_bn_1_PP_1_000	19	100.0	86.3636363636	2
case_9_d_2_bn_1_PP_1_000	20	100.0	90.9090909091	2
case_9_d_2_bn_1_PP_1_000	21	100.0	95.4545454545	2
case_9_d_2_bn_1_PP_1_000	22	95.4545454545	95.4545454545	2
