case_10_d_1_bn_1_PP_1_000	16	78.1779331779	39.0625	1
case_10_d_2_bn_1_PP_1_000	16	98.7462797619	51.953125	2
case_11_d_1_bn_1_PP_1_000	16	83.7248081779	40.234375	1
case_11_d_2_bn_1_PP_1_000	16	99.1927083333	52.34375	2
case_13_d_1_bn_1_PP_1_001	16	88.0661699412	43.359375	1
case_13_d_2_bn_1_PP_1_001	16	99.1927083333	52.34375	2
case_15_d_1_bn_1_PP_1_000	16	83.5990225053	43.75	1
case_15_d_2_bn_1_PP_1_000	16	99.1927083333	52.34375	2
case_17_d_1_bn_1_PP_1_010	16	72.5869529776	34.765625	1
case_17_d_2_bn_1_PP_1_010	16	98.8020833333	51.953125	2
case_7_d_1_bn_1_PP_1_000	16	0.0	0.0	1
case_7_d_2_bn_1_PP_1_000	16	100.0	53.125	2
case_9_d_1_bn_1_PP_1_000	16	60.5755442474	29.296875	1
case_9_d_2_bn_1_PP_1_000	16	100.0	53.125	2
