case_10_d_1_bn_1_PP_1_000	1	100.0	11.1111111111	1
case_10_d_1_bn_1_PP_1_000	2	100.0	22.2222222222	1
case_10_d_1_bn_1_PP_1_000	3	100.0	33.3333333333	1
case_10_d_1_bn_1_PP_1_000	4	100.0	44.4444444444	1
case_10_d_1_bn_1_PP_1_000	5	100.0	55.5555555556	1
case_10_d_1_bn_1_PP_1_000	6	100.0	66.6666666667	1
case_10_d_1_bn_1_PP_1_000	7	100.0	77.7777777778	1
case_10_d_1_bn_1_PP_1_000	8	100.0	88.8888888889	1
case_10_d_1_bn_1_PP_1_000	9	88.8888888889	88.8888888889	1
case_10_d_2_bn_1_PP_1_000	1	100.0	11.1111111111	2
case_10_d_2_bn_1_PP_1_000	2	100.0	22.2222222222	2
case_10_d_2_bn_1_PP_1_000	3	100.0	33.3333333333	2
case_10_d_2_bn_1_PP_1_000	4	75.0	33.3333333333	2
case_10_d_2_bn_1_PP_1_000	5	80.0	44.4444444444	2
case_10_d_2_bn_1_PP_1_000	6	83.3333333333	55.5555555556	2
case_10_d_2_bn_1_PP_1_000	7	85.7142857143	66.6666666667	2
case_10_d_2_bn_1_PP_1_000	8	75.0	66.6666666667	2
case_10_d_2_bn_1_PP_1_000	9	66.6666666667	66.6666666667	2
case_10_d_3_bn_1_PP_1_000	1	100.0	11.1111111111	3
case_10_d_3_bn_1_PP_1_000	2	100.0	22.2222222222	3
case_10_d_3_bn_1_PP_1_000	3	100.0	33.3333333333	3
case_10_d_3_bn_1_PP_1_000	4	100.0	44.4444444444	3
case_10_d_3_bn_1_PP_1_000	5	100.0	55.5555555556	3
case_10_d_3_bn_1_PP_1_000	6	100.0	66.6666666667	3
case_10_d_3_bn_1_PP_1_000	7	100.0	77.7777777778	3
case_10_d_3_bn_1_PP_1_000	8	100.0	88.8888888889	3
case_10_d_3_bn_1_PP_1_000	9	100.0	100.0	3
case_11_d_1_bn_1_PP_1_000	1	100.0	11.1111111111	1
case_11_d_1_bn_1_PP_1_000	2	100.0	22.2222222222	1
case_11_d_1_bn_1_PP_1_000	3	100.0	33.3333333333	1
case_11_d_1_bn_1_PP_1_000	4	100.0	44.4444444444	1
case_11_d_1_bn_1_PP_1_000	5	100.0	55.5555555556	1
case_11_d_1_bn_1_PP_1_000	6	100.0	66.6666666667	1
case_11_d_1_bn_1_PP_1_000	7	100.0	77.7777777778	1
case_11_d_1_bn_1_PP_1_000	8	100.0	88.8888888889	1
case_11_d_1_bn_1_PP_1_000	9	100.0	100.0	1
case_11_d_2_bn_1_PP_1_000	1	100.0	11.1111111111	2
case_11_d_2_bn_1_PP_1_000	2	100.0	22.2222222222	2
case_11_d_2_bn_1_PP_1_000	3	100.0	33.3333333333	2
case_11_d_2_bn_1_PP_1_000	4	75.0	33.3333333333	2
case_11_d_2_bn_1_PP_1_000	5	80.0	44.4444444444	2
case_11_d_2_bn_1_PP_1_000	6	83.3333333333	55.5555555556	2
case_11_d_2_bn_1_PP_1_000	7	85.7142857143	66.6666666667	2
case_11_d_2_bn_1_PP_1_000	8	87.5	77.7777777778	2
case_11_d_2_bn_1_PP_1_000	9	77.7777777778	77.7777777778	2
case_11_d_3_bn_1_PP_1_000	1	100.0	11.1111111111	3
case_11_d_3_bn_1_PP_1_000	2	100.0	22.2222222222	3
case_11_d_3_bn_1_PP_1_000	3	100.0	33.3333333333	3
case_11_d_3_bn_1_PP_1_000	4	100.0	44.4444444444	3
case_11_d_3_bn_1_PP_1_000	5	100.0	55.5555555556	3
case_11_d_3_bn_1_PP_1_000	6	100.0	66.6666666667	3
case_11_d_3_bn_1_PP_1_000	7	85.7142857143	66.6666666667	3
case_11_d_3_bn_1_PP_1_000	8	87.5	77.7777777778	3
case_11_d_3_bn_1_PP_1_000	9	88.8888888889	88.8888888889	3
case_13_d_1_bn_1_PP_1_001	1	100.0	11.1111111111	1
case_13_d_1_bn_1_PP_1_001	2	100.0	22.2222222222	1
case_13_d_1_bn_1_PP_1_001	3	100.0	33.3333333333	1
case_13_d_1_bn_1_PP_1_001	4	100.0	44.4444444444	1
case_13_d_1_bn_1_PP_1_001	5	100.0	55.5555555556	1
case_13_d_1_bn_1_PP_1_001	6	100.0	66.6666666667	1
case_13_d_1_bn_1_PP_1_001	7	100.0	77.7777777778	1
case_13_d_1_bn_1_PP_1_001	8	100.0	88.8888888889	1
case_13_d_1_bn_1_PP_1_001	9	88.8888888889	88.8888888889	1
case_13_d_2_bn_1_PP_1_001	1	100.0	11.1111111111	2
case_13_d_2_bn_1_PP_1_001	2	100.0	22.2222222222	2
case_13_d_2_bn_1_PP_1_001	3	100.0	33.3333333333	2
case_13_d_2_bn_1_PP_1_001	4	100.0	44.4444444444	2
case_13_d_2_bn_1_PP_1_001	5	100.0	55.5555555556	2
case_13_d_2_bn_1_PP_1_001	6	100.0	66.6666666667	2
case_13_d_2_bn_1_PP_1_001	7	85.7142857143	66.6666666667	2
case_13_d_2_bn_1_PP_1_001	8	87.5	77.7777777778	2
case_13_d_2_bn_1_PP_1_001	9	77.7777777778	77.7777777778	2
case_13_d_3_bn_1_PP_1_001	1	100.0	11.1111111111	3
case_13_d_3_bn_1_PP_1_001	2	100.0	22.2222222222	3
case_13_d_3_bn_1_PP_1_001	3	100.0	33.3333333333	3
case_13_d_3_bn_1_PP_1_001	4	100.0	44.4444444444	3
case_13_d_3_bn_1_PP_1_001	5	100.0	55.5555555556	3
case_13_d_3_bn_1_PP_1_001	6	100.0	66.6666666667	3
case_13_d_3_bn_1_PP_1_001	7	100.0	77.7777777778	3
case_13_d_3_bn_1_PP_1_001	8	100.0	88.8888888889	3
case_13_d_3_bn_1_PP_1_001	9	88.8888888889	88.8888888889	3
case_15_d_1_bn_1_PP_1_000	1	100.0	11.1111111111	1
case_15_d_1_bn_1_PP_1_000	2	100.0	22.2222222222	1
case_15_d_1_bn_1_PP_1_000	3	100.0	33.3333333333	1
case_15_d_1_bn_1_PP_1_000	4	100.0	44.4444444444	1
case_15_d_1_bn_1_PP_1_000	5	100.0	55.5555555556	1
case_15_d_1_bn_1_PP_1_000	6	100.0	66.6666666667	1
case_15_d_1_bn_1_PP_1_000	7	100.0	77.7777777778	1
case_15_d_1_bn_1_PP_1_000	8	100.0	88.8888888889	1
case_15_d_1_bn_1_PP_1_000	9	88.8888888889	88.8888888889	1
case_15_d_2_bn_1_PP_1_000	1	100.0	11.1111111111	2
case_15_d_2_bn_1_PP_1_000	2	100.0	22.2222222222	2
case_15_d_2_bn_1_PP_1_000	3	100.0	33.3333333333	2
case_15_d_2_bn_1_PP_1_000	4	100.0	44.4444444444	2
case_15_d_2_bn_1_PP_1_000	5	100.0	55.5555555556	2
case_15_d_2_bn_1_PP_1_000	6	83.3333333333	55.5555555556	2
case_15_d_2_bn_1_PP_1_000	7	85.7142857143	66.6666666667	2
case_15_d_2_bn_1_PP_1_000	8	87.5	77.7777777778	2
case_15_d_2_bn_1_PP_1_000	9	88.8888888889	88.8888888889	2
case_15_d_3_bn_1_PP_1_000	1	100.0	11.1111111111	3
case_15_d_3_bn_1_PP_1_000	2	100.0	22.2222222222	3
case_15_d_3_bn_1_PP_1_000	3	100.0	33.3333333333	3
case_15_d_3_bn_1_PP_1_000	4	100.0	44.4444444444	3
case_15_d_3_bn_1_PP_1_000	5	100.0	55.5555555556	3
case_15_d_3_bn_1_PP_1_000	6	100.0	66.6666666667	3
case_15_d_3_bn_1_PP_1_000	7	100.0	77.7777777778	3
case_15_d_3_bn_1_PP_1_000	8	100.0	88.8888888889	3
case_15_d_3_bn_1_PP_1_000	9	88.8888888889	88.8888888889	3
case_17_d_1_bn_1_PP_1_010	1	100.0	11.1111111111	1
case_17_d_1_bn_1_PP_1_010	2	100.0	22.2222222222	1
case_17_d_1_bn_1_PP_1_010	3	100.0	33.3333333333	1
case_17_d_1_bn_1_PP_1_010	4	100.0	44.4444444444	1
case_17_d_1_bn_1_PP_1_010	5	100.0	55.5555555556	1
case_17_d_1_bn_1_PP_1_010	6	100.0	66.6666666667	1
case_17_d_1_bn_1_PP_1_010	7	100.0	77.7777777778	1
case_17_d_1_bn_1_PP_1_010	8	100.0	88.8888888889	1
case_17_d_1_bn_1_PP_1_010	9	100.0	100.0	1
case_17_d_2_bn_1_PP_1_010	1	100.0	11.1111111111	2
case_17_d_2_bn_1_PP_1_010	2	100.0	22.2222222222	2
case_17_d_2_bn_1_PP_1_010	3	100.0	33.3333333333	2
case_17_d_2_bn_1_PP_1_010	4	100.0	44.4444444444	2
case_17_d_2_bn_1_PP_1_010	5	100.0	55.5555555556	2
case_17_d_2_bn_1_PP_1_010	6	100.0	66.6666666667	2
case_17_d_2_bn_1_PP_1_010	7	100.0	77.7777777778	2
case_17_d_2_bn_1_PP_1_010	8	100.0	88.8888888889	2
case_17_d_2_bn_1_PP_1_010	9	88.8888888889	88.8888888889	2
case_17_d_3_bn_1_PP_1_010	1	100.0	11.1111111111	3
case_17_d_3_bn_1_PP_1_010	2	100.0	22.2222222222	3
case_17_d_3_bn_1_PP_1_010	3	100.0	33.3333333333	3
case_17_d_3_bn_1_PP_1_010	4	100.0	44.4444444444	3
case_17_d_3_bn_1_PP_1_010	5	100.0	55.5555555556	3
case_17_d_3_bn_1_PP_1_010	6	100.0	66.6666666667	3
case_17_d_3_bn_1_PP_1_010	7	100.0	77.7777777778	3
case_17_d_3_bn_1_PP_1_010	8	100.0	88.8888888889	3
case_17_d_3_bn_1_PP_1_010	9	100.0	100.0	3
case_7_d_1_bn_1_PP_1_000	1	100.0	11.1111111111	1
case_7_d_1_bn_1_PP_1_000	2	100.0	22.2222222222	1
case_7_d_1_bn_1_PP_1_000	3	100.0	33.3333333333	1
case_7_d_1_bn_1_PP_1_000	4	100.0	44.4444444444	1
case_7_d_1_bn_1_PP_1_000	5	100.0	55.5555555556	1
case_7_d_1_bn_1_PP_1_000	6	100.0	66.6666666667	1
case_7_d_1_bn_1_PP_1_000	7	85.7142857143	66.6666666667	1
case_7_d_1_bn_1_PP_1_000	8	87.5	77.7777777778	1
case_7_d_1_bn_1_PP_1_000	9	88.8888888889	88.8888888889	1
case_7_d_2_bn_1_PP_1_000	1	100.0	11.1111111111	2
case_7_d_2_bn_1_PP_1_000	2	100.0	22.2222222222	2
case_7_d_2_bn_1_PP_1_000	3	100.0	33.3333333333	2
case_7_d_2_bn_1_PP_1_000	4	75.0	33.3333333333	2
case_7_d_2_bn_1_PP_1_000	5	60.0	33.3333333333	2
case_7_d_2_bn_1_PP_1_000	6	66.6666666667	44.4444444444	2
case_7_d_2_bn_1_PP_1_000	7	57.1428571429	44.4444444444	2
case_7_d_2_bn_1_PP_1_000	8	50.0	44.4444444444	2
case_7_d_2_bn_1_PP_1_000	9	44.4444444444	44.4444444444	2
case_7_d_3_bn_1_PP_1_000	1	100.0	11.1111111111	3
case_7_d_3_bn_1_PP_1_000	2	50.0	11.1111111111	3
case_7_d_3_bn_1_PP_1_000	3	33.3333333333	11.1111111111	3
case_7_d_3_bn_1_PP_1_000	4	25.0	11.1111111111	3
case_7_d_3_bn_1_PP_1_000	5	20.0	11.1111111111	3
case_7_d_3_bn_1_PP_1_000	6	16.6666666667	11.1111111111	3
case_7_d_3_bn_1_PP_1_000	7	14.2857142857	11.1111111111	3
case_7_d_3_bn_1_PP_1_000	8	12.5	11.1111111111	3
case_7_d_3_bn_1_PP_1_000	9	11.1111111111	11.1111111111	3
case_8_d_1_bn_1_PP_1_000	1	100.0	11.1111111111	1
case_8_d_1_bn_1_PP_1_000	2	100.0	22.2222222222	1
case_8_d_1_bn_1_PP_1_000	3	100.0	33.3333333333	1
case_8_d_1_bn_1_PP_1_000	4	100.0	44.4444444444	1
case_8_d_1_bn_1_PP_1_000	5	100.0	55.5555555556	1
case_8_d_1_bn_1_PP_1_000	6	100.0	66.6666666667	1
case_8_d_1_bn_1_PP_1_000	7	85.7142857143	66.6666666667	1
case_8_d_1_bn_1_PP_1_000	8	75.0	66.6666666667	1
case_8_d_1_bn_1_PP_1_000	9	77.7777777778	77.7777777778	1
case_8_d_2_bn_1_PP_1_000	1	100.0	11.1111111111	2
case_8_d_2_bn_1_PP_1_000	2	100.0	22.2222222222	2
case_8_d_2_bn_1_PP_1_000	3	100.0	33.3333333333	2
case_8_d_2_bn_1_PP_1_000	4	100.0	44.4444444444	2
case_8_d_2_bn_1_PP_1_000	5	80.0	44.4444444444	2
case_8_d_2_bn_1_PP_1_000	6	66.6666666667	44.4444444444	2
case_8_d_2_bn_1_PP_1_000	7	71.4285714286	55.5555555556	2
case_8_d_2_bn_1_PP_1_000	8	62.5	55.5555555556	2
case_8_d_2_bn_1_PP_1_000	9	66.6666666667	66.6666666667	2
case_8_d_3_bn_1_PP_1_000	1	100.0	11.1111111111	3
case_8_d_3_bn_1_PP_1_000	2	100.0	22.2222222222	3
case_8_d_3_bn_1_PP_1_000	3	66.6666666667	22.2222222222	3
case_8_d_3_bn_1_PP_1_000	4	75.0	33.3333333333	3
case_8_d_3_bn_1_PP_1_000	5	60.0	33.3333333333	3
case_8_d_3_bn_1_PP_1_000	6	50.0	33.3333333333	3
case_8_d_3_bn_1_PP_1_000	7	57.1428571429	44.4444444444	3
case_8_d_3_bn_1_PP_1_000	8	62.5	55.5555555556	3
case_8_d_3_bn_1_PP_1_000	9	55.5555555556	55.5555555556	3
case_9_d_1_bn_1_PP_1_000	1	100.0	11.1111111111	1
case_9_d_1_bn_1_PP_1_000	2	100.0	22.2222222222	1
case_9_d_1_bn_1_PP_1_000	3	100.0	33.3333333333	1
case_9_d_1_bn_1_PP_1_000	4	100.0	44.4444444444	1
case_9_d_1_bn_1_PP_1_000	5	100.0	55.5555555556	1
case_9_d_1_bn_1_PP_1_000	6	100.0	66.6666666667	1
case_9_d_1_bn_1_PP_1_000	7	100.0	77.7777777778	1
case_9_d_1_bn_1_PP_1_000	8	87.5	77.7777777778	1
case_9_d_1_bn_1_PP_1_000	9	77.7777777778	77.7777777778	1
case_9_d_2_bn_1_PP_1_000	1	100.0	11.1111111111	2
case_9_d_2_bn_1_PP_1_000	2	100.0	22.2222222222	2
case_9_d_2_bn_1_PP_1_000	3	100.0	33.3333333333	2
case_9_d_2_bn_1_PP_1_000	4	100.0	44.4444444444	2
case_9_d_2_bn_1_PP_1_000	5	80.0	44.4444444444	2
case_9_d_2_bn_1_PP_1_000	6	66.6666666667	44.4444444444	2
case_9_d_2_bn_1_PP_1_000	7	57.1428571429	44.4444444444	2
case_9_d_2_bn_1_PP_1_000	8	62.5	55.5555555556	2
case_9_d_2_bn_1_PP_1_000	9	66.6666666667	66.6666666667	2
case_9_d_3_bn_1_PP_1_000	1	100.0	11.1111111111	3
case_9_d_3_bn_1_PP_1_000	2	50.0	11.1111111111	3
case_9_d_3_bn_1_PP_1_000	3	33.3333333333	11.1111111111	3
case_9_d_3_bn_1_PP_1_000	4	50.0	22.2222222222	3
case_9_d_3_bn_1_PP_1_000	5	40.0	22.2222222222	3
case_9_d_3_bn_1_PP_1_000	6	33.3333333333	22.2222222222	3
case_9_d_3_bn_1_PP_1_000	7	42.8571428571	33.3333333333	3
case_9_d_3_bn_1_PP_1_000	8	37.5	33.3333333333	3
case_9_d_3_bn_1_PP_1_000	9	33.3333333333	33.3333333333	3
