case_10_d_1_bn_1_PP_1_000	21	78.2331978307	39.0022675737	1
case_10_d_2_bn_1_PP_1_000	21	66.0492929025	34.9206349206	2
case_10_d_3_bn_1_PP_1_000	21	73.3210271595	36.7346938776	3
case_11_d_1_bn_1_PP_1_000	21	78.3467304232	39.9092970522	1
case_11_d_2_bn_1_PP_1_000	21	72.5796535847	37.1882086168	2
case_11_d_3_bn_1_PP_1_000	21	75.1638724847	39.0022675737	3
case_13_d_1_bn_1_PP_1_001	21	91.8057750643	46.0317460317	1
case_13_d_2_bn_1_PP_1_001	21	80.6625820696	42.4036281179	2
case_13_d_3_bn_1_PP_1_001	21	86.8884990098	43.3106575964	3
case_15_d_1_bn_1_PP_1_000	21	74.7975721184	38.3219954649	1
case_15_d_2_bn_1_PP_1_000	21	75.3718523356	38.3219954649	2
case_15_d_3_bn_1_PP_1_000	21	88.3203253288	44.6712018141	3
case_17_d_1_bn_1_PP_1_010	21	79.5361428627	41.4965986395	1
case_17_d_2_bn_1_PP_1_010	21	72.1091320428	37.8684807256	2
case_17_d_3_bn_1_PP_1_010	21	77.162669284	43.0839002268	3
case_7_d_1_bn_1_PP_1_000	21	79.6711406314	38.7755102041	1
case_7_d_2_bn_1_PP_1_000	21	57.1657181255	26.0770975057	2
case_7_d_3_bn_1_PP_1_000	21	49.9976023411	22.9024943311	3
case_8_d_1_bn_1_PP_1_000	21	84.772887808	42.1768707483	1
case_8_d_2_bn_1_PP_1_000	21	61.8240151948	29.7052154195	2
case_8_d_3_bn_1_PP_1_000	21	38.5978620786	20.8616780045	3
case_9_d_1_bn_1_PP_1_000	21	78.3293210753	38.3219954649	1
case_9_d_2_bn_1_PP_1_000	21	55.0231125452	23.8095238095	2
case_9_d_3_bn_1_PP_1_000	21	57.6235123543	26.3038548753	3
