case_10_d_1_bn_1_PP_1_000	11	50.3332021514	23.9669421488	1
case_10_d_2_bn_1_PP_1_000	11	46.642398006	18.1818181818	2
case_10_d_3_bn_1_PP_1_000	11	37.7030040666	16.5289256198	3
case_11_d_1_bn_1_PP_1_000	11	41.2704971796	16.5289256198	1
case_11_d_2_bn_1_PP_1_000	11	45.815951725	17.3553719008	2
case_11_d_3_bn_1_PP_1_000	11	23.1575495212	14.0495867769	3
case_13_d_1_bn_1_PP_1_001	11	27.453430408	9.09090909091	1
case_13_d_2_bn_1_PP_1_001	11	54.3299881936	23.1404958678	2
case_13_d_3_bn_1_PP_1_001	11	0.0	0.0	3
case_15_d_1_bn_1_PP_1_000	11	27.453430408	9.09090909091	1
case_15_d_2_bn_1_PP_1_000	11	45.815951725	17.3553719008	2
case_15_d_3_bn_1_PP_1_000	11	41.2704971796	16.5289256198	3
case_17_d_1_bn_1_PP_1_010	11	43.4208972845	19.8347107438	1
case_17_d_2_bn_1_PP_1_010	11	35.9674668766	14.8760330579	2
case_17_d_3_bn_1_PP_1_010	11	27.453430408	9.09090909091	3
case_7_d_1_bn_1_PP_1_000	11	10.5778564869	8.26446280992	1
case_7_d_2_bn_1_PP_1_000	11	43.4208972845	19.8347107438	2
case_7_d_3_bn_1_PP_1_000	11	82.2281254099	41.3223140496	3
case_8_d_1_bn_1_PP_1_000	11	32.1618785255	13.2231404959	1
case_8_d_2_bn_1_PP_1_000	11	66.852289125	31.4049586777	2
case_8_d_3_bn_1_PP_1_000	11	48.5615899252	19.8347107438	3
case_9_d_1_bn_1_PP_1_000	11	35.9674668766	14.8760330579	1
case_9_d_2_bn_1_PP_1_000	11	72.3612750885	36.3636363636	2
case_9_d_3_bn_1_PP_1_000	11	6.6958546504	4.95867768595	3
