case_10_d_1_bn_1_PP_1_000	1	0.0	0.0	1
case_10_d_1_bn_1_PP_1_000	2	50.0	9.09090909091	1
case_10_d_1_bn_1_PP_1_000	3	33.3333333333	9.09090909091	1
case_10_d_1_bn_1_PP_1_000	4	25.0	9.09090909091	1
case_10_d_1_bn_1_PP_1_000	5	20.0	9.09090909091	1
case_10_d_1_bn_1_PP_1_000	6	16.6666666667	9.09090909091	1
case_10_d_1_bn_1_PP_1_000	7	14.2857142857	9.09090909091	1
case_10_d_1_bn_1_PP_1_000	8	12.5	9.09090909091	1
case_10_d_1_bn_1_PP_1_000	9	11.1111111111	9.09090909091	1
case_10_d_1_bn_1_PP_1_000	10	10.0	9.09090909091	1
case_10_d_1_bn_1_PP_1_000	11	9.09090909091	9.09090909091	1
case_10_d_2_bn_1_PP_1_000	1	100.0	9.09090909091	2
case_10_d_2_bn_1_PP_1_000	2	50.0	9.09090909091	2
case_10_d_2_bn_1_PP_1_000	3	33.3333333333	9.09090909091	2
case_10_d_2_bn_1_PP_1_000	4	25.0	9.09090909091	2
case_10_d_2_bn_1_PP_1_000	5	20.0	9.09090909091	2
case_10_d_2_bn_1_PP_1_000	6	16.6666666667	9.09090909091	2
case_10_d_2_bn_1_PP_1_000	7	14.2857142857	9.09090909091	2
case_10_d_2_bn_1_PP_1_000	8	12.5	9.09090909091	2
case_10_d_2_bn_1_PP_1_000	9	22.2222222222	18.1818181818	2
case_10_d_2_bn_1_PP_1_000	10	20.0	18.1818181818	2
case_10_d_2_bn_1_PP_1_000	11	18.1818181818	18.1818181818	2
case_10_d_3_bn_1_PP_1_000	1	100.0	9.09090909091	3
case_10_d_3_bn_1_PP_1_000	2	50.0	9.09090909091	3
case_10_d_3_bn_1_PP_1_000	3	33.3333333333	9.09090909091	3
case_10_d_3_bn_1_PP_1_000	4	25.0	9.09090909091	3
case_10_d_3_bn_1_PP_1_000	5	20.0	9.09090909091	3
case_10_d_3_bn_1_PP_1_000	6	16.6666666667	9.09090909091	3
case_10_d_3_bn_1_PP_1_000	7	14.2857142857	9.09090909091	3
case_10_d_3_bn_1_PP_1_000	8	12.5	9.09090909091	3
case_10_d_3_bn_1_PP_1_000	9	11.1111111111	9.09090909091	3
case_10_d_3_bn_1_PP_1_000	10	10.0	9.09090909091	3
case_10_d_3_bn_1_PP_1_000	11	9.09090909091	9.09090909091	3
