case_10_d_1_bn_1_PP_1_000	5	100.0	60.0	1
case_10_d_2_bn_1_PP_1_000	5	34.6666666667	24.0	2
case_10_d_3_bn_1_PP_1_000	5	100.0	60.0	3
case_11_d_1_bn_1_PP_1_000	5	100.0	60.0	1
case_11_d_2_bn_1_PP_1_000	5	96.0	56.0	2
case_11_d_3_bn_1_PP_1_000	5	96.0	56.0	3
case_13_d_1_bn_1_PP_1_001	5	100.0	60.0	1
case_13_d_2_bn_1_PP_1_001	5	96.0	56.0	2
case_13_d_3_bn_1_PP_1_001	5	100.0	60.0	3
case_15_d_1_bn_1_PP_1_000	5	100.0	60.0	1
case_15_d_2_bn_1_PP_1_000	5	96.0	56.0	2
case_15_d_3_bn_1_PP_1_000	5	100.0	60.0	3
case_17_d_1_bn_1_PP_1_010	5	100.0	60.0	1
case_17_d_2_bn_1_PP_1_010	5	100.0	60.0	2
case_17_d_3_bn_1_PP_1_010	5	100.0	60.0	3
case_7_d_1_bn_1_PP_1_000	5	96.0	56.0	1
case_7_d_2_bn_1_PP_1_000	5	75.3333333333	40.0	2
case_7_d_3_bn_1_PP_1_000	5	87.0	48.0	3
case_8_d_1_bn_1_PP_1_000	5	96.0	56.0	1
case_8_d_2_bn_1_PP_1_000	5	84.3333333333	48.0	2
case_8_d_3_bn_1_PP_1_000	5	100.0	60.0	3
case_9_d_1_bn_1_PP_1_000	5	100.0	60.0	1
case_9_d_2_bn_1_PP_1_000	5	96.0	56.0	2
case_9_d_3_bn_1_PP_1_000	5	87.0	48.0	3
