case_10_d_1_bn_1_PP_1_000	21	66.3430108067	37.641723356	1
case_10_d_2_bn_1_PP_1_000	21	78.277233991	40.8163265306	2
case_10_d_3_bn_1_PP_1_000	21	80.4705692648	42.6303854875	3
case_11_d_1_bn_1_PP_1_000	21	68.3192087206	41.4965986395	1
case_11_d_2_bn_1_PP_1_000	21	65.5879680216	37.1882086168	2
case_11_d_3_bn_1_PP_1_000	21	77.1128102818	39.0022675737	3
case_13_d_1_bn_1_PP_1_001	21	78.7743615419	43.7641723356	1
case_13_d_2_bn_1_PP_1_001	21	87.4324859376	42.8571428571	2
case_13_d_3_bn_1_PP_1_001	21	75.4620658634	42.8571428571	3
case_15_d_1_bn_1_PP_1_000	21	76.4242655309	40.3628117914	1
case_15_d_2_bn_1_PP_1_000	21	82.3590205517	41.9501133787	2
case_15_d_3_bn_1_PP_1_000	21	75.0670004026	39.4557823129	3
case_17_d_1_bn_1_PP_1_010	21	85.1701157501	43.7641723356	1
case_17_d_2_bn_1_PP_1_010	21	71.5522611736	40.3628117914	2
case_17_d_3_bn_1_PP_1_010	21	88.3182638982	44.4444444444	3
case_7_d_1_bn_1_PP_1_000	21	79.6711406314	38.7755102041	1
case_7_d_2_bn_1_PP_1_000	21	57.1657181255	26.0770975057	2
case_7_d_3_bn_1_PP_1_000	21	49.9976023411	22.9024943311	3
case_8_d_1_bn_1_PP_1_000	21	84.772887808	42.1768707483	1
case_8_d_2_bn_1_PP_1_000	21	61.8240151948	29.7052154195	2
case_8_d_3_bn_1_PP_1_000	21	38.5978620786	20.8616780045	3
case_9_d_1_bn_1_PP_1_000	21	72.2919858861	35.3741496599	1
case_9_d_2_bn_1_PP_1_000	21	48.552566387	21.5419501134	2
case_9_d_3_bn_1_PP_1_000	21	69.2935109675	30.3854875283	3
