case_10_d_1_bn_1_PP_1_000	1	100.0	14.2857142857	1
case_10_d_1_bn_1_PP_1_000	2	100.0	28.5714285714	1
case_10_d_1_bn_1_PP_1_000	3	100.0	42.8571428571	1
case_10_d_1_bn_1_PP_1_000	4	100.0	57.1428571429	1
case_10_d_1_bn_1_PP_1_000	5	100.0	71.4285714286	1
case_10_d_1_bn_1_PP_1_000	6	100.0	85.7142857143	1
case_10_d_1_bn_1_PP_1_000	7	100.0	100.0	1
case_10_d_2_bn_1_PP_1_000	1	100.0	14.2857142857	2
case_10_d_2_bn_1_PP_1_000	2	100.0	28.5714285714	2
case_10_d_2_bn_1_PP_1_000	3	100.0	42.8571428571	2
case_10_d_2_bn_1_PP_1_000	4	100.0	57.1428571429	2
case_10_d_2_bn_1_PP_1_000	5	100.0	71.4285714286	2
case_10_d_2_bn_1_PP_1_000	6	100.0	85.7142857143	2
case_10_d_2_bn_1_PP_1_000	7	100.0	100.0	2
case_10_d_3_bn_1_PP_1_000	1	100.0	14.2857142857	3
case_10_d_3_bn_1_PP_1_000	2	100.0	28.5714285714	3
case_10_d_3_bn_1_PP_1_000	3	100.0	42.8571428571	3
case_10_d_3_bn_1_PP_1_000	4	100.0	57.1428571429	3
case_10_d_3_bn_1_PP_1_000	5	100.0	71.4285714286	3
case_10_d_3_bn_1_PP_1_000	6	100.0	85.7142857143	3
case_10_d_3_bn_1_PP_1_000	7	100.0	100.0	3
case_9_d_1_bn_1_PP_1_000	1	100.0	14.2857142857	1
case_9_d_1_bn_1_PP_1_000	2	100.0	28.5714285714	1
case_9_d_1_bn_1_PP_1_000	3	100.0	42.8571428571	1
case_9_d_1_bn_1_PP_1_000	4	100.0	57.1428571429	1
case_9_d_1_bn_1_PP_1_000	5	100.0	71.4285714286	1
case_9_d_1_bn_1_PP_1_000	6	83.3333333333	71.4285714286	1
case_9_d_1_bn_1_PP_1_000	7	71.4285714286	71.4285714286	1
case_9_d_2_bn_1_PP_1_000	1	100.0	14.2857142857	2
case_9_d_2_bn_1_PP_1_000	2	100.0	28.5714285714	2
case_9_d_2_bn_1_PP_1_000	3	100.0	42.8571428571	2
case_9_d_2_bn_1_PP_1_000	4	100.0	57.1428571429	2
case_9_d_2_bn_1_PP_1_000	5	100.0	71.4285714286	2
case_9_d_2_bn_1_PP_1_000	6	100.0	85.7142857143	2
case_9_d_2_bn_1_PP_1_000	7	100.0	100.0	2
case_9_d_3_bn_1_PP_1_000	1	100.0	14.2857142857	3
case_9_d_3_bn_1_PP_1_000	2	100.0	28.5714285714	3
case_9_d_3_bn_1_PP_1_000	3	100.0	42.8571428571	3
case_9_d_3_bn_1_PP_1_000	4	100.0	57.1428571429	3
case_9_d_3_bn_1_PP_1_000	5	100.0	71.4285714286	3
case_9_d_3_bn_1_PP_1_000	6	83.3333333333	71.4285714286	3
case_9_d_3_bn_1_PP_1_000	7	71.4285714286	71.4285714286	3
