case_10_d_1_bn_1_PP_1_000	1	100.0	6.66666666667	1
case_10_d_1_bn_1_PP_1_000	2	100.0	13.3333333333	1
case_10_d_1_bn_1_PP_1_000	3	66.6666666667	13.3333333333	1
case_10_d_1_bn_1_PP_1_000	4	75.0	20.0	1
case_10_d_1_bn_1_PP_1_000	5	60.0	20.0	1
case_10_d_1_bn_1_PP_1_000	6	66.6666666667	26.6666666667	1
case_10_d_1_bn_1_PP_1_000	7	57.1428571429	26.6666666667	1
case_10_d_1_bn_1_PP_1_000	8	50.0	26.6666666667	1
case_10_d_1_bn_1_PP_1_000	9	55.5555555556	33.3333333333	1
case_10_d_1_bn_1_PP_1_000	10	60.0	40.0	1
case_10_d_1_bn_1_PP_1_000	11	54.5454545455	40.0	1
case_10_d_1_bn_1_PP_1_000	12	50.0	40.0	1
case_10_d_1_bn_1_PP_1_000	13	53.8461538462	46.6666666667	1
case_10_d_1_bn_1_PP_1_000	14	50.0	46.6666666667	1
case_10_d_1_bn_1_PP_1_000	15	53.3333333333	53.3333333333	1
case_10_d_2_bn_1_PP_1_000	1	0.0	0.0	2
case_10_d_2_bn_1_PP_1_000	2	50.0	6.66666666667	2
case_10_d_2_bn_1_PP_1_000	3	33.3333333333	6.66666666667	2
case_10_d_2_bn_1_PP_1_000	4	25.0	6.66666666667	2
case_10_d_2_bn_1_PP_1_000	5	20.0	6.66666666667	2
case_10_d_2_bn_1_PP_1_000	6	16.6666666667	6.66666666667	2
case_10_d_2_bn_1_PP_1_000	7	14.2857142857	6.66666666667	2
case_10_d_2_bn_1_PP_1_000	8	12.5	6.66666666667	2
case_10_d_2_bn_1_PP_1_000	9	11.1111111111	6.66666666667	2
case_10_d_2_bn_1_PP_1_000	10	10.0	6.66666666667	2
case_10_d_2_bn_1_PP_1_000	11	9.09090909091	6.66666666667	2
case_10_d_2_bn_1_PP_1_000	12	8.33333333333	6.66666666667	2
case_10_d_2_bn_1_PP_1_000	13	7.69230769231	6.66666666667	2
case_10_d_2_bn_1_PP_1_000	14	7.14285714286	6.66666666667	2
case_10_d_2_bn_1_PP_1_000	15	6.66666666667	6.66666666667	2
case_10_d_3_bn_1_PP_1_000	1	100.0	6.66666666667	3
case_10_d_3_bn_1_PP_1_000	2	50.0	6.66666666667	3
case_10_d_3_bn_1_PP_1_000	3	33.3333333333	6.66666666667	3
case_10_d_3_bn_1_PP_1_000	4	50.0	13.3333333333	3
case_10_d_3_bn_1_PP_1_000	5	40.0	13.3333333333	3
case_10_d_3_bn_1_PP_1_000	6	50.0	20.0	3
case_10_d_3_bn_1_PP_1_000	7	42.8571428571	20.0	3
case_10_d_3_bn_1_PP_1_000	8	50.0	26.6666666667	3
case_10_d_3_bn_1_PP_1_000	9	44.4444444444	26.6666666667	3
case_10_d_3_bn_1_PP_1_000	10	40.0	26.6666666667	3
case_10_d_3_bn_1_PP_1_000	11	36.3636363636	26.6666666667	3
case_10_d_3_bn_1_PP_1_000	12	33.3333333333	26.6666666667	3
case_10_d_3_bn_1_PP_1_000	13	30.7692307692	26.6666666667	3
case_10_d_3_bn_1_PP_1_000	14	28.5714285714	26.6666666667	3
case_10_d_3_bn_1_PP_1_000	15	26.6666666667	26.6666666667	3
case_9_d_1_bn_1_PP_1_000	1	100.0	6.66666666667	1
case_9_d_1_bn_1_PP_1_000	2	50.0	6.66666666667	1
case_9_d_1_bn_1_PP_1_000	3	66.6666666667	13.3333333333	1
case_9_d_1_bn_1_PP_1_000	4	50.0	13.3333333333	1
case_9_d_1_bn_1_PP_1_000	5	40.0	13.3333333333	1
case_9_d_1_bn_1_PP_1_000	6	33.3333333333	13.3333333333	1
case_9_d_1_bn_1_PP_1_000	7	42.8571428571	20.0	1
case_9_d_1_bn_1_PP_1_000	8	50.0	26.6666666667	1
case_9_d_1_bn_1_PP_1_000	9	44.4444444444	26.6666666667	1
case_9_d_1_bn_1_PP_1_000	10	40.0	26.6666666667	1
case_9_d_1_bn_1_PP_1_000	11	36.3636363636	26.6666666667	1
case_9_d_1_bn_1_PP_1_000	12	41.6666666667	33.3333333333	1
case_9_d_1_bn_1_PP_1_000	13	38.4615384615	33.3333333333	1
case_9_d_1_bn_1_PP_1_000	14	35.7142857143	33.3333333333	1
case_9_d_1_bn_1_PP_1_000	15	33.3333333333	33.3333333333	1
case_9_d_2_bn_1_PP_1_000	1	100.0	6.66666666667	2
case_9_d_2_bn_1_PP_1_000	2	50.0	6.66666666667	2
case_9_d_2_bn_1_PP_1_000	3	33.3333333333	6.66666666667	2
case_9_d_2_bn_1_PP_1_000	4	25.0	6.66666666667	2
case_9_d_2_bn_1_PP_1_000	5	20.0	6.66666666667	2
case_9_d_2_bn_1_PP_1_000	6	16.6666666667	6.66666666667	2
case_9_d_2_bn_1_PP_1_000	7	28.5714285714	13.3333333333	2
case_9_d_2_bn_1_PP_1_000	8	25.0	13.3333333333	2
case_9_d_2_bn_1_PP_1_000	9	22.2222222222	13.3333333333	2
case_9_d_2_bn_1_PP_1_000	10	20.0	13.3333333333	2
case_9_d_2_bn_1_PP_1_000	11	18.1818181818	13.3333333333	2
case_9_d_2_bn_1_PP_1_000	12	16.6666666667	13.3333333333	2
case_9_d_2_bn_1_PP_1_000	13	15.3846153846	13.3333333333	2
case_9_d_2_bn_1_PP_1_000	14	14.2857142857	13.3333333333	2
case_9_d_2_bn_1_PP_1_000	15	13.3333333333	13.3333333333	2
case_9_d_3_bn_1_PP_1_000	1	100.0	6.66666666667	3
case_9_d_3_bn_1_PP_1_000	2	50.0	6.66666666667	3
case_9_d_3_bn_1_PP_1_000	3	66.6666666667	13.3333333333	3
case_9_d_3_bn_1_PP_1_000	4	50.0	13.3333333333	3
case_9_d_3_bn_1_PP_1_000	5	40.0	13.3333333333	3
case_9_d_3_bn_1_PP_1_000	6	33.3333333333	13.3333333333	3
case_9_d_3_bn_1_PP_1_000	7	42.8571428571	20.0	3
case_9_d_3_bn_1_PP_1_000	8	50.0	26.6666666667	3
case_9_d_3_bn_1_PP_1_000	9	44.4444444444	26.6666666667	3
case_9_d_3_bn_1_PP_1_000	10	50.0	33.3333333333	3
case_9_d_3_bn_1_PP_1_000	11	45.4545454545	33.3333333333	3
case_9_d_3_bn_1_PP_1_000	12	41.6666666667	33.3333333333	3
case_9_d_3_bn_1_PP_1_000	13	38.4615384615	33.3333333333	3
case_9_d_3_bn_1_PP_1_000	14	35.7142857143	33.3333333333	3
case_9_d_3_bn_1_PP_1_000	15	40.0	40.0	3
