case_10_d_1_bn_1_PP_1_000	1	100.0	9.09090909091	1
case_10_d_1_bn_1_PP_1_000	2	100.0	18.1818181818	1
case_10_d_1_bn_1_PP_1_000	3	100.0	27.2727272727	1
case_10_d_1_bn_1_PP_1_000	4	100.0	36.3636363636	1
case_10_d_1_bn_1_PP_1_000	5	100.0	45.4545454545	1
case_10_d_1_bn_1_PP_1_000	6	100.0	54.5454545455	1
case_10_d_1_bn_1_PP_1_000	7	100.0	63.6363636364	1
case_10_d_1_bn_1_PP_1_000	8	100.0	72.7272727273	1
case_10_d_1_bn_1_PP_1_000	9	100.0	81.8181818182	1
case_10_d_1_bn_1_PP_1_000	10	100.0	90.9090909091	1
case_10_d_1_bn_1_PP_1_000	11	90.9090909091	90.9090909091	1
case_10_d_2_bn_1_PP_1_000	1	100.0	9.09090909091	2
case_10_d_2_bn_1_PP_1_000	2	100.0	18.1818181818	2
case_10_d_2_bn_1_PP_1_000	3	100.0	27.2727272727	2
case_10_d_2_bn_1_PP_1_000	4	100.0	36.3636363636	2
case_10_d_2_bn_1_PP_1_000	5	100.0	45.4545454545	2
case_10_d_2_bn_1_PP_1_000	6	83.3333333333	45.4545454545	2
case_10_d_2_bn_1_PP_1_000	7	71.4285714286	45.4545454545	2
case_10_d_2_bn_1_PP_1_000	8	62.5	45.4545454545	2
case_10_d_2_bn_1_PP_1_000	9	66.6666666667	54.5454545455	2
case_10_d_2_bn_1_PP_1_000	10	70.0	63.6363636364	2
case_10_d_2_bn_1_PP_1_000	11	63.6363636364	63.6363636364	2
case_10_d_3_bn_1_PP_1_000	1	100.0	9.09090909091	3
case_10_d_3_bn_1_PP_1_000	2	100.0	18.1818181818	3
case_10_d_3_bn_1_PP_1_000	3	100.0	27.2727272727	3
case_10_d_3_bn_1_PP_1_000	4	100.0	36.3636363636	3
case_10_d_3_bn_1_PP_1_000	5	100.0	45.4545454545	3
case_10_d_3_bn_1_PP_1_000	6	100.0	54.5454545455	3
case_10_d_3_bn_1_PP_1_000	7	100.0	63.6363636364	3
case_10_d_3_bn_1_PP_1_000	8	100.0	72.7272727273	3
case_10_d_3_bn_1_PP_1_000	9	100.0	81.8181818182	3
case_10_d_3_bn_1_PP_1_000	10	100.0	90.9090909091	3
case_10_d_3_bn_1_PP_1_000	11	90.9090909091	90.9090909091	3
case_9_d_1_bn_1_PP_1_000	1	100.0	9.09090909091	1
case_9_d_1_bn_1_PP_1_000	2	100.0	18.1818181818	1
case_9_d_1_bn_1_PP_1_000	3	100.0	27.2727272727	1
case_9_d_1_bn_1_PP_1_000	4	100.0	36.3636363636	1
case_9_d_1_bn_1_PP_1_000	5	100.0	45.4545454545	1
case_9_d_1_bn_1_PP_1_000	6	100.0	54.5454545455	1
case_9_d_1_bn_1_PP_1_000	7	100.0	63.6363636364	1
case_9_d_1_bn_1_PP_1_000	8	87.5	63.6363636364	1
case_9_d_1_bn_1_PP_1_000	9	77.7777777778	63.6363636364	1
case_9_d_1_bn_1_PP_1_000	10	70.0	63.6363636364	1
case_9_d_1_bn_1_PP_1_000	11	72.7272727273	72.7272727273	1
case_9_d_2_bn_1_PP_1_000	1	100.0	9.09090909091	2
case_9_d_2_bn_1_PP_1_000	2	100.0	18.1818181818	2
case_9_d_2_bn_1_PP_1_000	3	100.0	27.2727272727	2
case_9_d_2_bn_1_PP_1_000	4	100.0	36.3636363636	2
case_9_d_2_bn_1_PP_1_000	5	100.0	45.4545454545	2
case_9_d_2_bn_1_PP_1_000	6	100.0	54.5454545455	2
case_9_d_2_bn_1_PP_1_000	7	100.0	63.6363636364	2
case_9_d_2_bn_1_PP_1_000	8	87.5	63.6363636364	2
case_9_d_2_bn_1_PP_1_000	9	77.7777777778	63.6363636364	2
case_9_d_2_bn_1_PP_1_000	10	70.0	63.6363636364	2
case_9_d_2_bn_1_PP_1_000	11	63.6363636364	63.6363636364	2
case_9_d_3_bn_1_PP_1_000	1	100.0	9.09090909091	3
case_9_d_3_bn_1_PP_1_000	2	100.0	18.1818181818	3
case_9_d_3_bn_1_PP_1_000	3	100.0	27.2727272727	3
case_9_d_3_bn_1_PP_1_000	4	100.0	36.3636363636	3
case_9_d_3_bn_1_PP_1_000	5	100.0	45.4545454545	3
case_9_d_3_bn_1_PP_1_000	6	100.0	54.5454545455	3
case_9_d_3_bn_1_PP_1_000	7	100.0	63.6363636364	3
case_9_d_3_bn_1_PP_1_000	8	100.0	72.7272727273	3
case_9_d_3_bn_1_PP_1_000	9	88.8888888889	72.7272727273	3
case_9_d_3_bn_1_PP_1_000	10	80.0	72.7272727273	3
case_9_d_3_bn_1_PP_1_000	11	72.7272727273	72.7272727273	3
