case_10_d_1_bn_1_PP_1_000	1	100.0	25.0	1
case_10_d_1_bn_1_PP_1_000	2	100.0	50.0	1
case_10_d_1_bn_1_PP_1_000	3	66.6666666667	50.0	1
case_10_d_1_bn_1_PP_1_000	4	75.0	75.0	1
case_10_d_2_bn_1_PP_1_000	1	0.0	0.0	2
case_10_d_2_bn_1_PP_1_000	2	50.0	25.0	2
case_10_d_2_bn_1_PP_1_000	3	66.6666666667	50.0	2
case_10_d_2_bn_1_PP_1_000	4	50.0	50.0	2
case_10_d_3_bn_1_PP_1_000	1	100.0	25.0	3
case_10_d_3_bn_1_PP_1_000	2	100.0	50.0	3
case_10_d_3_bn_1_PP_1_000	3	100.0	75.0	3
case_10_d_3_bn_1_PP_1_000	4	75.0	75.0	3
case_9_d_1_bn_1_PP_1_000	1	100.0	25.0	1
case_9_d_1_bn_1_PP_1_000	2	100.0	50.0	1
case_9_d_1_bn_1_PP_1_000	3	100.0	75.0	1
case_9_d_1_bn_1_PP_1_000	4	75.0	75.0	1
case_9_d_2_bn_1_PP_1_000	1	100.0	25.0	2
case_9_d_2_bn_1_PP_1_000	2	100.0	50.0	2
case_9_d_2_bn_1_PP_1_000	3	66.6666666667	50.0	2
case_9_d_2_bn_1_PP_1_000	4	50.0	50.0	2
case_9_d_3_bn_1_PP_1_000	1	100.0	25.0	3
case_9_d_3_bn_1_PP_1_000	2	100.0	50.0	3
case_9_d_3_bn_1_PP_1_000	3	100.0	75.0	3
case_9_d_3_bn_1_PP_1_000	4	75.0	75.0	3
