case_10_d_1_bn_1_PP_1_000	1	100.0	9.09090909091	1
case_10_d_1_bn_1_PP_1_000	2	100.0	18.1818181818	1
case_10_d_1_bn_1_PP_1_000	3	100.0	27.2727272727	1
case_10_d_1_bn_1_PP_1_000	4	100.0	36.3636363636	1
case_10_d_1_bn_1_PP_1_000	5	100.0	45.4545454545	1
case_10_d_1_bn_1_PP_1_000	6	83.3333333333	45.4545454545	1
case_10_d_1_bn_1_PP_1_000	7	85.7142857143	54.5454545455	1
case_10_d_1_bn_1_PP_1_000	8	75.0	54.5454545455	1
case_10_d_1_bn_1_PP_1_000	9	66.6666666667	54.5454545455	1
case_10_d_1_bn_1_PP_1_000	10	60.0	54.5454545455	1
case_10_d_1_bn_1_PP_1_000	11	54.5454545455	54.5454545455	1
case_10_d_2_bn_1_PP_1_000	1	100.0	9.09090909091	2
case_10_d_2_bn_1_PP_1_000	2	100.0	18.1818181818	2
case_10_d_2_bn_1_PP_1_000	3	100.0	27.2727272727	2
case_10_d_2_bn_1_PP_1_000	4	100.0	36.3636363636	2
case_10_d_2_bn_1_PP_1_000	5	100.0	45.4545454545	2
case_10_d_2_bn_1_PP_1_000	6	100.0	54.5454545455	2
case_10_d_2_bn_1_PP_1_000	7	100.0	63.6363636364	2
case_10_d_2_bn_1_PP_1_000	8	100.0	72.7272727273	2
case_10_d_2_bn_1_PP_1_000	9	88.8888888889	72.7272727273	2
case_10_d_2_bn_1_PP_1_000	10	90.0	81.8181818182	2
case_10_d_2_bn_1_PP_1_000	11	90.9090909091	90.9090909091	2
case_11_d_1_bn_1_PP_1_000	1	100.0	9.09090909091	1
case_11_d_1_bn_1_PP_1_000	2	100.0	18.1818181818	1
case_11_d_1_bn_1_PP_1_000	3	100.0	27.2727272727	1
case_11_d_1_bn_1_PP_1_000	4	100.0	36.3636363636	1
case_11_d_1_bn_1_PP_1_000	5	80.0	36.3636363636	1
case_11_d_1_bn_1_PP_1_000	6	66.6666666667	36.3636363636	1
case_11_d_1_bn_1_PP_1_000	7	71.4285714286	45.4545454545	1
case_11_d_1_bn_1_PP_1_000	8	75.0	54.5454545455	1
case_11_d_1_bn_1_PP_1_000	9	66.6666666667	54.5454545455	1
case_11_d_1_bn_1_PP_1_000	10	60.0	54.5454545455	1
case_11_d_1_bn_1_PP_1_000	11	54.5454545455	54.5454545455	1
case_11_d_2_bn_1_PP_1_000	1	100.0	9.09090909091	2
case_11_d_2_bn_1_PP_1_000	2	100.0	18.1818181818	2
case_11_d_2_bn_1_PP_1_000	3	100.0	27.2727272727	2
case_11_d_2_bn_1_PP_1_000	4	100.0	36.3636363636	2
case_11_d_2_bn_1_PP_1_000	5	100.0	45.4545454545	2
case_11_d_2_bn_1_PP_1_000	6	100.0	54.5454545455	2
case_11_d_2_bn_1_PP_1_000	7	100.0	63.6363636364	2
case_11_d_2_bn_1_PP_1_000	8	100.0	72.7272727273	2
case_11_d_2_bn_1_PP_1_000	9	100.0	81.8181818182	2
case_11_d_2_bn_1_PP_1_000	10	100.0	90.9090909091	2
case_11_d_2_bn_1_PP_1_000	11	90.9090909091	90.9090909091	2
case_13_d_1_bn_1_PP_1_001	1	100.0	9.09090909091	1
case_13_d_1_bn_1_PP_1_001	2	100.0	18.1818181818	1
case_13_d_1_bn_1_PP_1_001	3	100.0	27.2727272727	1
case_13_d_1_bn_1_PP_1_001	4	100.0	36.3636363636	1
case_13_d_1_bn_1_PP_1_001	5	100.0	45.4545454545	1
case_13_d_1_bn_1_PP_1_001	6	83.3333333333	45.4545454545	1
case_13_d_1_bn_1_PP_1_001	7	71.4285714286	45.4545454545	1
case_13_d_1_bn_1_PP_1_001	8	75.0	54.5454545455	1
case_13_d_1_bn_1_PP_1_001	9	66.6666666667	54.5454545455	1
case_13_d_1_bn_1_PP_1_001	10	60.0	54.5454545455	1
case_13_d_1_bn_1_PP_1_001	11	54.5454545455	54.5454545455	1
case_13_d_2_bn_1_PP_1_001	1	100.0	9.09090909091	2
case_13_d_2_bn_1_PP_1_001	2	100.0	18.1818181818	2
case_13_d_2_bn_1_PP_1_001	3	100.0	27.2727272727	2
case_13_d_2_bn_1_PP_1_001	4	100.0	36.3636363636	2
case_13_d_2_bn_1_PP_1_001	5	100.0	45.4545454545	2
case_13_d_2_bn_1_PP_1_001	6	100.0	54.5454545455	2
case_13_d_2_bn_1_PP_1_001	7	100.0	63.6363636364	2
case_13_d_2_bn_1_PP_1_001	8	100.0	72.7272727273	2
case_13_d_2_bn_1_PP_1_001	9	88.8888888889	72.7272727273	2
case_13_d_2_bn_1_PP_1_001	10	90.0	81.8181818182	2
case_13_d_2_bn_1_PP_1_001	11	81.8181818182	81.8181818182	2
case_15_d_1_bn_1_PP_1_000	1	100.0	9.09090909091	1
case_15_d_1_bn_1_PP_1_000	2	100.0	18.1818181818	1
case_15_d_1_bn_1_PP_1_000	3	66.6666666667	18.1818181818	1
case_15_d_1_bn_1_PP_1_000	4	75.0	27.2727272727	1
case_15_d_1_bn_1_PP_1_000	5	80.0	36.3636363636	1
case_15_d_1_bn_1_PP_1_000	6	83.3333333333	45.4545454545	1
case_15_d_1_bn_1_PP_1_000	7	71.4285714286	45.4545454545	1
case_15_d_1_bn_1_PP_1_000	8	62.5	45.4545454545	1
case_15_d_1_bn_1_PP_1_000	9	66.6666666667	54.5454545455	1
case_15_d_1_bn_1_PP_1_000	10	60.0	54.5454545455	1
case_15_d_1_bn_1_PP_1_000	11	54.5454545455	54.5454545455	1
case_15_d_2_bn_1_PP_1_000	1	100.0	9.09090909091	2
case_15_d_2_bn_1_PP_1_000	2	100.0	18.1818181818	2
case_15_d_2_bn_1_PP_1_000	3	100.0	27.2727272727	2
case_15_d_2_bn_1_PP_1_000	4	100.0	36.3636363636	2
case_15_d_2_bn_1_PP_1_000	5	100.0	45.4545454545	2
case_15_d_2_bn_1_PP_1_000	6	100.0	54.5454545455	2
case_15_d_2_bn_1_PP_1_000	7	100.0	63.6363636364	2
case_15_d_2_bn_1_PP_1_000	8	100.0	72.7272727273	2
case_15_d_2_bn_1_PP_1_000	9	88.8888888889	72.7272727273	2
case_15_d_2_bn_1_PP_1_000	10	80.0	72.7272727273	2
case_15_d_2_bn_1_PP_1_000	11	81.8181818182	81.8181818182	2
case_17_d_1_bn_1_PP_1_010	1	100.0	9.09090909091	1
case_17_d_1_bn_1_PP_1_010	2	100.0	18.1818181818	1
case_17_d_1_bn_1_PP_1_010	3	100.0	27.2727272727	1
case_17_d_1_bn_1_PP_1_010	4	100.0	36.3636363636	1
case_17_d_1_bn_1_PP_1_010	5	80.0	36.3636363636	1
case_17_d_1_bn_1_PP_1_010	6	83.3333333333	45.4545454545	1
case_17_d_1_bn_1_PP_1_010	7	71.4285714286	45.4545454545	1
case_17_d_1_bn_1_PP_1_010	8	75.0	54.5454545455	1
case_17_d_1_bn_1_PP_1_010	9	66.6666666667	54.5454545455	1
case_17_d_1_bn_1_PP_1_010	10	60.0	54.5454545455	1
case_17_d_1_bn_1_PP_1_010	11	54.5454545455	54.5454545455	1
case_17_d_2_bn_1_PP_1_010	1	100.0	9.09090909091	2
case_17_d_2_bn_1_PP_1_010	2	100.0	18.1818181818	2
case_17_d_2_bn_1_PP_1_010	3	100.0	27.2727272727	2
case_17_d_2_bn_1_PP_1_010	4	100.0	36.3636363636	2
case_17_d_2_bn_1_PP_1_010	5	100.0	45.4545454545	2
case_17_d_2_bn_1_PP_1_010	6	100.0	54.5454545455	2
case_17_d_2_bn_1_PP_1_010	7	100.0	63.6363636364	2
case_17_d_2_bn_1_PP_1_010	8	87.5	63.6363636364	2
case_17_d_2_bn_1_PP_1_010	9	88.8888888889	72.7272727273	2
case_17_d_2_bn_1_PP_1_010	10	80.0	72.7272727273	2
case_17_d_2_bn_1_PP_1_010	11	72.7272727273	72.7272727273	2
case_7_d_1_bn_1_PP_1_000	13	0.0	0.0	1
case_7_d_2_bn_1_PP_1_000	1	100.0	9.09090909091	2
case_7_d_2_bn_1_PP_1_000	2	100.0	18.1818181818	2
case_7_d_2_bn_1_PP_1_000	3	100.0	27.2727272727	2
case_7_d_2_bn_1_PP_1_000	4	100.0	36.3636363636	2
case_7_d_2_bn_1_PP_1_000	5	100.0	45.4545454545	2
case_7_d_2_bn_1_PP_1_000	6	100.0	54.5454545455	2
case_7_d_2_bn_1_PP_1_000	7	100.0	63.6363636364	2
case_7_d_2_bn_1_PP_1_000	8	100.0	72.7272727273	2
case_7_d_2_bn_1_PP_1_000	9	100.0	81.8181818182	2
case_7_d_2_bn_1_PP_1_000	10	100.0	90.9090909091	2
case_7_d_2_bn_1_PP_1_000	11	100.0	100.0	2
case_9_d_1_bn_1_PP_1_000	1	100.0	9.09090909091	1
case_9_d_1_bn_1_PP_1_000	2	100.0	18.1818181818	1
case_9_d_1_bn_1_PP_1_000	3	100.0	27.2727272727	1
case_9_d_1_bn_1_PP_1_000	4	100.0	36.3636363636	1
case_9_d_1_bn_1_PP_1_000	5	100.0	45.4545454545	1
case_9_d_1_bn_1_PP_1_000	6	100.0	54.5454545455	1
case_9_d_1_bn_1_PP_1_000	7	100.0	63.6363636364	1
case_9_d_1_bn_1_PP_1_000	8	100.0	72.7272727273	1
case_9_d_1_bn_1_PP_1_000	9	88.8888888889	72.7272727273	1
case_9_d_1_bn_1_PP_1_000	10	90.0	81.8181818182	1
case_9_d_1_bn_1_PP_1_000	11	81.8181818182	81.8181818182	1
case_9_d_2_bn_1_PP_1_000	1	100.0	9.09090909091	2
case_9_d_2_bn_1_PP_1_000	2	100.0	18.1818181818	2
case_9_d_2_bn_1_PP_1_000	3	100.0	27.2727272727	2
case_9_d_2_bn_1_PP_1_000	4	100.0	36.3636363636	2
case_9_d_2_bn_1_PP_1_000	5	100.0	45.4545454545	2
case_9_d_2_bn_1_PP_1_000	6	100.0	54.5454545455	2
case_9_d_2_bn_1_PP_1_000	7	100.0	63.6363636364	2
case_9_d_2_bn_1_PP_1_000	8	100.0	72.7272727273	2
case_9_d_2_bn_1_PP_1_000	9	88.8888888889	72.7272727273	2
case_9_d_2_bn_1_PP_1_000	10	80.0	72.7272727273	2
case_9_d_2_bn_1_PP_1_000	11	72.7272727273	72.7272727273	2
