case_10_d_1_bn_1_PP_1_000	9	99.1203703704	54.6913580247	1
case_10_d_2_bn_1_PP_1_000	9	99.6296296296	55.1851851852	2
case_10_d_3_bn_1_PP_1_000	9	98.6992945326	54.3209876543	3
case_11_d_1_bn_1_PP_1_000	9	98.2164902998	53.950617284	1
case_11_d_2_bn_1_PP_1_000	9	82.8884479718	45.3086419753	2
case_11_d_3_bn_1_PP_1_000	9	98.7610229277	54.4444444444	3
case_13_d_1_bn_1_PP_1_001	9	97.9325396825	53.8271604938	1
case_13_d_2_bn_1_PP_1_001	9	97.2292768959	53.2098765432	2
case_13_d_3_bn_1_PP_1_001	9	95.5008818342	51.975308642	3
case_15_d_1_bn_1_PP_1_000	9	96.1829805996	52.5925925926	1
case_15_d_2_bn_1_PP_1_000	9	98.7037037037	54.3209876543	2
case_15_d_3_bn_1_PP_1_000	9	97.6701940035	53.5802469136	3
case_17_d_1_bn_1_PP_1_010	9	97.7319223986	53.5802469136	1
case_17_d_2_bn_1_PP_1_010	9	99.0233686067	54.6913580247	2
case_17_d_3_bn_1_PP_1_010	9	98.8937389771	54.8148148148	3
case_7_d_1_bn_1_PP_1_000	9	72.369047619	38.1481481481	1
case_7_d_2_bn_1_PP_1_000	9	62.6596119929	29.1358024691	2
case_7_d_3_bn_1_PP_1_000	9	44.6450617284	22.4691358025	3
case_8_d_1_bn_1_PP_1_000	9	94.0709876543	50.8641975309	1
case_8_d_2_bn_1_PP_1_000	9	80.5013227513	41.6049382716	2
case_8_d_3_bn_1_PP_1_000	9	67.1128747795	33.7037037037	3
case_9_d_1_bn_1_PP_1_000	9	98.4479717813	54.1975308642	1
case_9_d_2_bn_1_PP_1_000	9	76.5908289242	37.2839506173	2
case_9_d_3_bn_1_PP_1_000	9	63.962962963	34.3209876543	3
