case_10_d_1_bn_1_PP_1_000	1	100.0	16.6666666667	1
case_10_d_1_bn_1_PP_1_000	2	50.0	16.6666666667	1
case_10_d_1_bn_1_PP_1_000	3	33.3333333333	16.6666666667	1
case_10_d_1_bn_1_PP_1_000	4	50.0	33.3333333333	1
case_10_d_1_bn_1_PP_1_000	5	60.0	50.0	1
case_10_d_1_bn_1_PP_1_000	6	50.0	50.0	1
case_10_d_2_bn_1_PP_1_000	1	100.0	16.6666666667	2
case_10_d_2_bn_1_PP_1_000	2	50.0	16.6666666667	2
case_10_d_2_bn_1_PP_1_000	3	33.3333333333	16.6666666667	2
case_10_d_2_bn_1_PP_1_000	4	25.0	16.6666666667	2
case_10_d_2_bn_1_PP_1_000	5	20.0	16.6666666667	2
case_10_d_2_bn_1_PP_1_000	6	16.6666666667	16.6666666667	2
case_10_d_3_bn_1_PP_1_000	1	100.0	16.6666666667	3
case_10_d_3_bn_1_PP_1_000	2	50.0	16.6666666667	3
case_10_d_3_bn_1_PP_1_000	3	66.6666666667	33.3333333333	3
case_10_d_3_bn_1_PP_1_000	4	75.0	50.0	3
case_10_d_3_bn_1_PP_1_000	5	60.0	50.0	3
case_10_d_3_bn_1_PP_1_000	6	50.0	50.0	3
