case_10_d_1_bn_1_PP_1_000	1	100.0	11.1111111111	1
case_10_d_1_bn_1_PP_1_000	2	100.0	22.2222222222	1
case_10_d_1_bn_1_PP_1_000	3	100.0	33.3333333333	1
case_10_d_1_bn_1_PP_1_000	4	100.0	44.4444444444	1
case_10_d_1_bn_1_PP_1_000	5	100.0	55.5555555556	1
case_10_d_1_bn_1_PP_1_000	6	100.0	66.6666666667	1
case_10_d_1_bn_1_PP_1_000	7	100.0	77.7777777778	1
case_10_d_1_bn_1_PP_1_000	8	87.5	77.7777777778	1
case_10_d_1_bn_1_PP_1_000	9	88.8888888889	88.8888888889	1
case_10_d_2_bn_1_PP_1_000	1	100.0	11.1111111111	2
case_10_d_2_bn_1_PP_1_000	2	100.0	22.2222222222	2
case_10_d_2_bn_1_PP_1_000	3	66.6666666667	22.2222222222	2
case_10_d_2_bn_1_PP_1_000	4	50.0	22.2222222222	2
case_10_d_2_bn_1_PP_1_000	5	60.0	33.3333333333	2
case_10_d_2_bn_1_PP_1_000	6	66.6666666667	44.4444444444	2
case_10_d_2_bn_1_PP_1_000	7	57.1428571429	44.4444444444	2
case_10_d_2_bn_1_PP_1_000	8	50.0	44.4444444444	2
case_10_d_2_bn_1_PP_1_000	9	44.4444444444	44.4444444444	2
case_10_d_3_bn_1_PP_1_000	1	100.0	11.1111111111	3
case_10_d_3_bn_1_PP_1_000	2	100.0	22.2222222222	3
case_10_d_3_bn_1_PP_1_000	3	100.0	33.3333333333	3
case_10_d_3_bn_1_PP_1_000	4	100.0	44.4444444444	3
case_10_d_3_bn_1_PP_1_000	5	100.0	55.5555555556	3
case_10_d_3_bn_1_PP_1_000	6	100.0	66.6666666667	3
case_10_d_3_bn_1_PP_1_000	7	100.0	77.7777777778	3
case_10_d_3_bn_1_PP_1_000	8	87.5	77.7777777778	3
case_10_d_3_bn_1_PP_1_000	9	77.7777777778	77.7777777778	3
