case_10_d_1_bn_1_PP_1_000	1	100.0	9.09090909091	1
case_10_d_1_bn_1_PP_1_000	2	50.0	9.09090909091	1
case_10_d_1_bn_1_PP_1_000	3	33.3333333333	9.09090909091	1
case_10_d_1_bn_1_PP_1_000	4	25.0	9.09090909091	1
case_10_d_1_bn_1_PP_1_000	5	20.0	9.09090909091	1
case_10_d_1_bn_1_PP_1_000	6	16.6666666667	9.09090909091	1
case_10_d_1_bn_1_PP_1_000	7	14.2857142857	9.09090909091	1
case_10_d_1_bn_1_PP_1_000	8	25.0	18.1818181818	1
case_10_d_1_bn_1_PP_1_000	9	22.2222222222	18.1818181818	1
case_10_d_1_bn_1_PP_1_000	10	20.0	18.1818181818	1
case_10_d_1_bn_1_PP_1_000	11	18.1818181818	18.1818181818	1
case_10_d_2_bn_1_PP_1_000	1	100.0	9.09090909091	2
case_10_d_2_bn_1_PP_1_000	2	100.0	18.1818181818	2
case_10_d_2_bn_1_PP_1_000	3	100.0	27.2727272727	2
case_10_d_2_bn_1_PP_1_000	4	100.0	36.3636363636	2
case_10_d_2_bn_1_PP_1_000	5	80.0	36.3636363636	2
case_10_d_2_bn_1_PP_1_000	6	83.3333333333	45.4545454545	2
case_10_d_2_bn_1_PP_1_000	7	85.7142857143	54.5454545455	2
case_10_d_2_bn_1_PP_1_000	8	75.0	54.5454545455	2
case_10_d_2_bn_1_PP_1_000	9	66.6666666667	54.5454545455	2
case_10_d_2_bn_1_PP_1_000	10	60.0	54.5454545455	2
case_10_d_2_bn_1_PP_1_000	11	63.6363636364	63.6363636364	2
case_10_d_3_bn_1_PP_1_000	1	100.0	9.09090909091	3
case_10_d_3_bn_1_PP_1_000	2	50.0	9.09090909091	3
case_10_d_3_bn_1_PP_1_000	3	33.3333333333	9.09090909091	3
case_10_d_3_bn_1_PP_1_000	4	25.0	9.09090909091	3
case_10_d_3_bn_1_PP_1_000	5	40.0	18.1818181818	3
case_10_d_3_bn_1_PP_1_000	6	33.3333333333	18.1818181818	3
case_10_d_3_bn_1_PP_1_000	7	28.5714285714	18.1818181818	3
case_10_d_3_bn_1_PP_1_000	8	25.0	18.1818181818	3
case_10_d_3_bn_1_PP_1_000	9	22.2222222222	18.1818181818	3
case_10_d_3_bn_1_PP_1_000	10	20.0	18.1818181818	3
case_10_d_3_bn_1_PP_1_000	11	18.1818181818	18.1818181818	3
