case_10_d_1_bn_1_PP_1_000	1	100.0	9.09090909091	1
case_10_d_1_bn_1_PP_1_000	2	50.0	9.09090909091	1
case_10_d_1_bn_1_PP_1_000	3	33.3333333333	9.09090909091	1
case_10_d_1_bn_1_PP_1_000	4	25.0	9.09090909091	1
case_10_d_1_bn_1_PP_1_000	5	20.0	9.09090909091	1
case_10_d_1_bn_1_PP_1_000	6	16.6666666667	9.09090909091	1
case_10_d_1_bn_1_PP_1_000	7	14.2857142857	9.09090909091	1
case_10_d_1_bn_1_PP_1_000	8	12.5	9.09090909091	1
case_10_d_1_bn_1_PP_1_000	9	11.1111111111	9.09090909091	1
case_10_d_1_bn_1_PP_1_000	10	10.0	9.09090909091	1
case_10_d_1_bn_1_PP_1_000	11	9.09090909091	9.09090909091	1
case_10_d_2_bn_1_PP_1_000	1	100.0	9.09090909091	2
case_10_d_2_bn_1_PP_1_000	2	50.0	9.09090909091	2
case_10_d_2_bn_1_PP_1_000	3	66.6666666667	18.1818181818	2
case_10_d_2_bn_1_PP_1_000	4	50.0	18.1818181818	2
case_10_d_2_bn_1_PP_1_000	5	40.0	18.1818181818	2
case_10_d_2_bn_1_PP_1_000	6	33.3333333333	18.1818181818	2
case_10_d_2_bn_1_PP_1_000	7	28.5714285714	18.1818181818	2
case_10_d_2_bn_1_PP_1_000	8	25.0	18.1818181818	2
case_10_d_2_bn_1_PP_1_000	9	22.2222222222	18.1818181818	2
case_10_d_2_bn_1_PP_1_000	10	20.0	18.1818181818	2
case_10_d_2_bn_1_PP_1_000	11	18.1818181818	18.1818181818	2
case_10_d_3_bn_1_PP_1_000	1	0.0	0.0	3
case_10_d_3_bn_1_PP_1_000	2	0.0	0.0	3
case_10_d_3_bn_1_PP_1_000	3	33.3333333333	9.09090909091	3
case_10_d_3_bn_1_PP_1_000	4	25.0	9.09090909091	3
case_10_d_3_bn_1_PP_1_000	5	20.0	9.09090909091	3
case_10_d_3_bn_1_PP_1_000	6	16.6666666667	9.09090909091	3
case_10_d_3_bn_1_PP_1_000	7	14.2857142857	9.09090909091	3
case_10_d_3_bn_1_PP_1_000	8	25.0	18.1818181818	3
case_10_d_3_bn_1_PP_1_000	9	22.2222222222	18.1818181818	3
case_10_d_3_bn_1_PP_1_000	10	30.0	27.2727272727	3
case_10_d_3_bn_1_PP_1_000	11	27.2727272727	27.2727272727	3
case_7_d_1_bn_1_PP_1_000	1	0.0	0.0	1
case_7_d_1_bn_1_PP_1_000	2	0.0	0.0	1
case_7_d_1_bn_1_PP_1_000	3	0.0	0.0	1
case_7_d_1_bn_1_PP_1_000	4	0.0	0.0	1
case_7_d_1_bn_1_PP_1_000	5	0.0	0.0	1
case_7_d_1_bn_1_PP_1_000	6	0.0	0.0	1
case_7_d_1_bn_1_PP_1_000	7	0.0	0.0	1
case_7_d_1_bn_1_PP_1_000	8	0.0	0.0	1
case_7_d_1_bn_1_PP_1_000	9	0.0	0.0	1
case_7_d_1_bn_1_PP_1_000	10	10.0	9.09090909091	1
case_7_d_1_bn_1_PP_1_000	11	9.09090909091	9.09090909091	1
case_7_d_2_bn_1_PP_1_000	1	100.0	9.09090909091	2
case_7_d_2_bn_1_PP_1_000	2	100.0	18.1818181818	2
case_7_d_2_bn_1_PP_1_000	3	100.0	27.2727272727	2
case_7_d_2_bn_1_PP_1_000	4	100.0	36.3636363636	2
case_7_d_2_bn_1_PP_1_000	5	100.0	45.4545454545	2
case_7_d_2_bn_1_PP_1_000	6	100.0	54.5454545455	2
case_7_d_2_bn_1_PP_1_000	7	100.0	63.6363636364	2
case_7_d_2_bn_1_PP_1_000	8	100.0	72.7272727273	2
case_7_d_2_bn_1_PP_1_000	9	100.0	81.8181818182	2
case_7_d_2_bn_1_PP_1_000	10	100.0	90.9090909091	2
case_7_d_2_bn_1_PP_1_000	11	90.9090909091	90.9090909091	2
case_7_d_3_bn_1_PP_1_000	1	100.0	9.09090909091	3
case_7_d_3_bn_1_PP_1_000	2	50.0	9.09090909091	3
case_7_d_3_bn_1_PP_1_000	3	33.3333333333	9.09090909091	3
case_7_d_3_bn_1_PP_1_000	4	50.0	18.1818181818	3
case_7_d_3_bn_1_PP_1_000	5	40.0	18.1818181818	3
case_7_d_3_bn_1_PP_1_000	6	33.3333333333	18.1818181818	3
case_7_d_3_bn_1_PP_1_000	7	28.5714285714	18.1818181818	3
case_7_d_3_bn_1_PP_1_000	8	25.0	18.1818181818	3
case_7_d_3_bn_1_PP_1_000	9	22.2222222222	18.1818181818	3
case_7_d_3_bn_1_PP_1_000	10	20.0	18.1818181818	3
case_7_d_3_bn_1_PP_1_000	11	18.1818181818	18.1818181818	3
case_9_d_1_bn_1_PP_1_000	1	0.0	0.0	1
case_9_d_1_bn_1_PP_1_000	2	0.0	0.0	1
case_9_d_1_bn_1_PP_1_000	3	0.0	0.0	1
case_9_d_1_bn_1_PP_1_000	4	0.0	0.0	1
case_9_d_1_bn_1_PP_1_000	5	0.0	0.0	1
case_9_d_1_bn_1_PP_1_000	6	0.0	0.0	1
case_9_d_1_bn_1_PP_1_000	7	0.0	0.0	1
case_9_d_1_bn_1_PP_1_000	8	0.0	0.0	1
case_9_d_1_bn_1_PP_1_000	9	0.0	0.0	1
case_9_d_1_bn_1_PP_1_000	10	0.0	0.0	1
case_9_d_1_bn_1_PP_1_000	11	0.0	0.0	1
case_9_d_2_bn_1_PP_1_000	1	100.0	9.09090909091	2
case_9_d_2_bn_1_PP_1_000	2	50.0	9.09090909091	2
case_9_d_2_bn_1_PP_1_000	3	66.6666666667	18.1818181818	2
case_9_d_2_bn_1_PP_1_000	4	75.0	27.2727272727	2
case_9_d_2_bn_1_PP_1_000	5	60.0	27.2727272727	2
case_9_d_2_bn_1_PP_1_000	6	50.0	27.2727272727	2
case_9_d_2_bn_1_PP_1_000	7	57.1428571429	36.3636363636	2
case_9_d_2_bn_1_PP_1_000	8	50.0	36.3636363636	2
case_9_d_2_bn_1_PP_1_000	9	55.5555555556	45.4545454545	2
case_9_d_2_bn_1_PP_1_000	10	50.0	45.4545454545	2
case_9_d_2_bn_1_PP_1_000	11	45.4545454545	45.4545454545	2
case_9_d_3_bn_1_PP_1_000	1	0.0	0.0	3
case_9_d_3_bn_1_PP_1_000	2	0.0	0.0	3
case_9_d_3_bn_1_PP_1_000	3	33.3333333333	9.09090909091	3
case_9_d_3_bn_1_PP_1_000	4	25.0	9.09090909091	3
case_9_d_3_bn_1_PP_1_000	5	40.0	18.1818181818	3
case_9_d_3_bn_1_PP_1_000	6	33.3333333333	18.1818181818	3
case_9_d_3_bn_1_PP_1_000	7	28.5714285714	18.1818181818	3
case_9_d_3_bn_1_PP_1_000	8	37.5	27.2727272727	3
case_9_d_3_bn_1_PP_1_000	9	33.3333333333	27.2727272727	3
case_9_d_3_bn_1_PP_1_000	10	30.0	27.2727272727	3
case_9_d_3_bn_1_PP_1_000	11	27.2727272727	27.2727272727	3
