case_10_d_1_bn_1_PP_1_000	2	0.0	0.0	1
case_10_d_2_bn_1_PP_1_000	2	0.0	0.0	2
case_10_d_3_bn_1_PP_1_000	2	0.0	0.0	3
case_11_d_1_bn_1_PP_1_000	2	75.0	50.0	1
case_11_d_2_bn_1_PP_1_000	2	0.0	0.0	2
case_11_d_3_bn_1_PP_1_000	2	25.0	25.0	3
case_13_d_1_bn_1_PP_1_001	2	0.0	0.0	1
case_13_d_2_bn_1_PP_1_001	2	0.0	0.0	2
case_13_d_3_bn_1_PP_1_001	2	0.0	0.0	3
case_15_d_1_bn_1_PP_1_000	2	0.0	0.0	1
case_15_d_2_bn_1_PP_1_000	2	0.0	0.0	2
case_15_d_3_bn_1_PP_1_000	2	0.0	0.0	3
case_17_d_1_bn_1_PP_1_010	2	0.0	0.0	1
case_17_d_2_bn_1_PP_1_010	2	0.0	0.0	2
case_17_d_3_bn_1_PP_1_010	2	0.0	0.0	3
case_7_d_1_bn_1_PP_1_000	2	0.0	0.0	1
case_7_d_2_bn_1_PP_1_000	2	100.0	75.0	2
case_7_d_3_bn_1_PP_1_000	2	0.0	0.0	3
case_8_d_1_bn_1_PP_1_000	2	0.0	0.0	1
case_8_d_2_bn_1_PP_1_000	2	0.0	0.0	2
case_8_d_3_bn_1_PP_1_000	2	0.0	0.0	3
case_9_d_1_bn_1_PP_1_000	2	100.0	75.0	1
case_9_d_2_bn_1_PP_1_000	2	0.0	0.0	2
case_9_d_3_bn_1_PP_1_000	2	75.0	50.0	3
