case_10_d_1_bn_1_PP_1_000	6	43.6111111111	19.4444444444	1
case_10_d_2_bn_1_PP_1_000	6	97.2222222222	55.5555555556	2
case_11_d_1_bn_1_PP_1_000	6	75.2777777778	38.8888888889	1
case_11_d_2_bn_1_PP_1_000	6	100.0	58.3333333333	2
case_13_d_1_bn_1_PP_1_001	6	51.1111111111	25.0	1
case_13_d_2_bn_1_PP_1_001	6	97.2222222222	55.5555555556	2
case_15_d_1_bn_1_PP_1_000	6	43.6111111111	19.4444444444	1
case_15_d_2_bn_1_PP_1_000	6	91.1111111111	50.0	2
case_17_d_1_bn_1_PP_1_010	6	46.9444444444	22.2222222222	1
case_17_d_2_bn_1_PP_1_010	6	97.2222222222	55.5555555556	2
case_7_d_1_bn_1_PP_1_000	6	0.0	0.0	1
case_7_d_2_bn_1_PP_1_000	6	100.0	58.3333333333	2
case_9_d_1_bn_1_PP_1_000	6	62.7777777778	33.3333333333	1
case_9_d_2_bn_1_PP_1_000	6	100.0	58.3333333333	2
