case_10_d_1_bn_1_PP_1_000	1	100.0	7.69230769231	1
case_10_d_1_bn_1_PP_1_000	2	100.0	15.3846153846	1
case_10_d_1_bn_1_PP_1_000	3	66.6666666667	15.3846153846	1
case_10_d_1_bn_1_PP_1_000	4	50.0	15.3846153846	1
case_10_d_1_bn_1_PP_1_000	5	40.0	15.3846153846	1
case_10_d_1_bn_1_PP_1_000	6	50.0	23.0769230769	1
case_10_d_1_bn_1_PP_1_000	7	42.8571428571	23.0769230769	1
case_10_d_1_bn_1_PP_1_000	8	37.5	23.0769230769	1
case_10_d_1_bn_1_PP_1_000	9	44.4444444444	30.7692307692	1
case_10_d_1_bn_1_PP_1_000	10	40.0	30.7692307692	1
case_10_d_1_bn_1_PP_1_000	11	36.3636363636	30.7692307692	1
case_10_d_1_bn_1_PP_1_000	12	41.6666666667	38.4615384615	1
case_10_d_1_bn_1_PP_1_000	13	38.4615384615	38.4615384615	1
case_10_d_2_bn_1_PP_1_000	1	100.0	7.69230769231	2
case_10_d_2_bn_1_PP_1_000	2	50.0	7.69230769231	2
case_10_d_2_bn_1_PP_1_000	3	66.6666666667	15.3846153846	2
case_10_d_2_bn_1_PP_1_000	4	75.0	23.0769230769	2
case_10_d_2_bn_1_PP_1_000	5	80.0	30.7692307692	2
case_10_d_2_bn_1_PP_1_000	6	83.3333333333	38.4615384615	2
case_10_d_2_bn_1_PP_1_000	7	85.7142857143	46.1538461538	2
case_10_d_2_bn_1_PP_1_000	8	87.5	53.8461538462	2
case_10_d_2_bn_1_PP_1_000	9	88.8888888889	61.5384615385	2
case_10_d_2_bn_1_PP_1_000	10	90.0	69.2307692308	2
case_10_d_2_bn_1_PP_1_000	11	81.8181818182	69.2307692308	2
case_10_d_2_bn_1_PP_1_000	12	75.0	69.2307692308	2
case_10_d_2_bn_1_PP_1_000	13	69.2307692308	69.2307692308	2
case_11_d_1_bn_1_PP_1_000	1	100.0	7.69230769231	1
case_11_d_1_bn_1_PP_1_000	2	100.0	15.3846153846	1
case_11_d_1_bn_1_PP_1_000	3	100.0	23.0769230769	1
case_11_d_1_bn_1_PP_1_000	4	75.0	23.0769230769	1
case_11_d_1_bn_1_PP_1_000	5	60.0	23.0769230769	1
case_11_d_1_bn_1_PP_1_000	6	50.0	23.0769230769	1
case_11_d_1_bn_1_PP_1_000	7	57.1428571429	30.7692307692	1
case_11_d_1_bn_1_PP_1_000	8	62.5	38.4615384615	1
case_11_d_1_bn_1_PP_1_000	9	66.6666666667	46.1538461538	1
case_11_d_1_bn_1_PP_1_000	10	70.0	53.8461538462	1
case_11_d_1_bn_1_PP_1_000	11	63.6363636364	53.8461538462	1
case_11_d_1_bn_1_PP_1_000	12	58.3333333333	53.8461538462	1
case_11_d_1_bn_1_PP_1_000	13	53.8461538462	53.8461538462	1
case_11_d_2_bn_1_PP_1_000	1	100.0	7.69230769231	2
case_11_d_2_bn_1_PP_1_000	2	50.0	7.69230769231	2
case_11_d_2_bn_1_PP_1_000	3	66.6666666667	15.3846153846	2
case_11_d_2_bn_1_PP_1_000	4	75.0	23.0769230769	2
case_11_d_2_bn_1_PP_1_000	5	80.0	30.7692307692	2
case_11_d_2_bn_1_PP_1_000	6	83.3333333333	38.4615384615	2
case_11_d_2_bn_1_PP_1_000	7	85.7142857143	46.1538461538	2
case_11_d_2_bn_1_PP_1_000	8	87.5	53.8461538462	2
case_11_d_2_bn_1_PP_1_000	9	88.8888888889	61.5384615385	2
case_11_d_2_bn_1_PP_1_000	10	90.0	69.2307692308	2
case_11_d_2_bn_1_PP_1_000	11	90.9090909091	76.9230769231	2
case_11_d_2_bn_1_PP_1_000	12	83.3333333333	76.9230769231	2
case_11_d_2_bn_1_PP_1_000	13	84.6153846154	84.6153846154	2
case_13_d_1_bn_1_PP_1_001	1	100.0	7.69230769231	1
case_13_d_1_bn_1_PP_1_001	2	100.0	15.3846153846	1
case_13_d_1_bn_1_PP_1_001	3	66.6666666667	15.3846153846	1
case_13_d_1_bn_1_PP_1_001	4	50.0	15.3846153846	1
case_13_d_1_bn_1_PP_1_001	5	40.0	15.3846153846	1
case_13_d_1_bn_1_PP_1_001	6	33.3333333333	15.3846153846	1
case_13_d_1_bn_1_PP_1_001	7	42.8571428571	23.0769230769	1
case_13_d_1_bn_1_PP_1_001	8	37.5	23.0769230769	1
case_13_d_1_bn_1_PP_1_001	9	44.4444444444	30.7692307692	1
case_13_d_1_bn_1_PP_1_001	10	40.0	30.7692307692	1
case_13_d_1_bn_1_PP_1_001	11	36.3636363636	30.7692307692	1
case_13_d_1_bn_1_PP_1_001	12	33.3333333333	30.7692307692	1
case_13_d_1_bn_1_PP_1_001	13	30.7692307692	30.7692307692	1
case_13_d_2_bn_1_PP_1_001	1	100.0	7.69230769231	2
case_13_d_2_bn_1_PP_1_001	2	50.0	7.69230769231	2
case_13_d_2_bn_1_PP_1_001	3	66.6666666667	15.3846153846	2
case_13_d_2_bn_1_PP_1_001	4	75.0	23.0769230769	2
case_13_d_2_bn_1_PP_1_001	5	80.0	30.7692307692	2
case_13_d_2_bn_1_PP_1_001	6	83.3333333333	38.4615384615	2
case_13_d_2_bn_1_PP_1_001	7	85.7142857143	46.1538461538	2
case_13_d_2_bn_1_PP_1_001	8	87.5	53.8461538462	2
case_13_d_2_bn_1_PP_1_001	9	88.8888888889	61.5384615385	2
case_13_d_2_bn_1_PP_1_001	10	80.0	61.5384615385	2
case_13_d_2_bn_1_PP_1_001	11	81.8181818182	69.2307692308	2
case_13_d_2_bn_1_PP_1_001	12	83.3333333333	76.9230769231	2
case_13_d_2_bn_1_PP_1_001	13	76.9230769231	76.9230769231	2
case_15_d_1_bn_1_PP_1_000	1	100.0	7.69230769231	1
case_15_d_1_bn_1_PP_1_000	2	50.0	7.69230769231	1
case_15_d_1_bn_1_PP_1_000	3	66.6666666667	15.3846153846	1
case_15_d_1_bn_1_PP_1_000	4	75.0	23.0769230769	1
case_15_d_1_bn_1_PP_1_000	5	80.0	30.7692307692	1
case_15_d_1_bn_1_PP_1_000	6	66.6666666667	30.7692307692	1
case_15_d_1_bn_1_PP_1_000	7	57.1428571429	30.7692307692	1
case_15_d_1_bn_1_PP_1_000	8	50.0	30.7692307692	1
case_15_d_1_bn_1_PP_1_000	9	44.4444444444	30.7692307692	1
case_15_d_1_bn_1_PP_1_000	10	40.0	30.7692307692	1
case_15_d_1_bn_1_PP_1_000	11	36.3636363636	30.7692307692	1
case_15_d_1_bn_1_PP_1_000	12	41.6666666667	38.4615384615	1
case_15_d_1_bn_1_PP_1_000	13	38.4615384615	38.4615384615	1
case_15_d_2_bn_1_PP_1_000	1	100.0	7.69230769231	2
case_15_d_2_bn_1_PP_1_000	2	50.0	7.69230769231	2
case_15_d_2_bn_1_PP_1_000	3	66.6666666667	15.3846153846	2
case_15_d_2_bn_1_PP_1_000	4	75.0	23.0769230769	2
case_15_d_2_bn_1_PP_1_000	5	80.0	30.7692307692	2
case_15_d_2_bn_1_PP_1_000	6	83.3333333333	38.4615384615	2
case_15_d_2_bn_1_PP_1_000	7	85.7142857143	46.1538461538	2
case_15_d_2_bn_1_PP_1_000	8	87.5	53.8461538462	2
case_15_d_2_bn_1_PP_1_000	9	88.8888888889	61.5384615385	2
case_15_d_2_bn_1_PP_1_000	10	90.0	69.2307692308	2
case_15_d_2_bn_1_PP_1_000	11	90.9090909091	76.9230769231	2
case_15_d_2_bn_1_PP_1_000	12	83.3333333333	76.9230769231	2
case_15_d_2_bn_1_PP_1_000	13	76.9230769231	76.9230769231	2
case_17_d_1_bn_1_PP_1_010	1	100.0	7.69230769231	1
case_17_d_1_bn_1_PP_1_010	2	100.0	15.3846153846	1
case_17_d_1_bn_1_PP_1_010	3	100.0	23.0769230769	1
case_17_d_1_bn_1_PP_1_010	4	75.0	23.0769230769	1
case_17_d_1_bn_1_PP_1_010	5	80.0	30.7692307692	1
case_17_d_1_bn_1_PP_1_010	6	66.6666666667	30.7692307692	1
case_17_d_1_bn_1_PP_1_010	7	57.1428571429	30.7692307692	1
case_17_d_1_bn_1_PP_1_010	8	62.5	38.4615384615	1
case_17_d_1_bn_1_PP_1_010	9	55.5555555556	38.4615384615	1
case_17_d_1_bn_1_PP_1_010	10	50.0	38.4615384615	1
case_17_d_1_bn_1_PP_1_010	11	45.4545454545	38.4615384615	1
case_17_d_1_bn_1_PP_1_010	12	41.6666666667	38.4615384615	1
case_17_d_1_bn_1_PP_1_010	13	38.4615384615	38.4615384615	1
case_17_d_2_bn_1_PP_1_010	1	0.0	0.0	2
case_17_d_2_bn_1_PP_1_010	2	50.0	7.69230769231	2
case_17_d_2_bn_1_PP_1_010	3	66.6666666667	15.3846153846	2
case_17_d_2_bn_1_PP_1_010	4	75.0	23.0769230769	2
case_17_d_2_bn_1_PP_1_010	5	80.0	30.7692307692	2
case_17_d_2_bn_1_PP_1_010	6	83.3333333333	38.4615384615	2
case_17_d_2_bn_1_PP_1_010	7	85.7142857143	46.1538461538	2
case_17_d_2_bn_1_PP_1_010	8	87.5	53.8461538462	2
case_17_d_2_bn_1_PP_1_010	9	88.8888888889	61.5384615385	2
case_17_d_2_bn_1_PP_1_010	10	90.0	69.2307692308	2
case_17_d_2_bn_1_PP_1_010	11	90.9090909091	76.9230769231	2
case_17_d_2_bn_1_PP_1_010	12	83.3333333333	76.9230769231	2
case_17_d_2_bn_1_PP_1_010	13	76.9230769231	76.9230769231	2
case_7_d_1_bn_1_PP_1_000	13	0.0	0.0	1
case_7_d_2_bn_1_PP_1_000	1	100.0	7.69230769231	2
case_7_d_2_bn_1_PP_1_000	2	100.0	15.3846153846	2
case_7_d_2_bn_1_PP_1_000	3	100.0	23.0769230769	2
case_7_d_2_bn_1_PP_1_000	4	100.0	30.7692307692	2
case_7_d_2_bn_1_PP_1_000	5	100.0	38.4615384615	2
case_7_d_2_bn_1_PP_1_000	6	100.0	46.1538461538	2
case_7_d_2_bn_1_PP_1_000	7	100.0	53.8461538462	2
case_7_d_2_bn_1_PP_1_000	8	100.0	61.5384615385	2
case_7_d_2_bn_1_PP_1_000	9	100.0	69.2307692308	2
case_7_d_2_bn_1_PP_1_000	10	100.0	76.9230769231	2
case_7_d_2_bn_1_PP_1_000	11	100.0	84.6153846154	2
case_7_d_2_bn_1_PP_1_000	12	100.0	92.3076923077	2
case_7_d_2_bn_1_PP_1_000	13	100.0	100.0	2
case_9_d_1_bn_1_PP_1_000	1	0.0	0.0	1
case_9_d_1_bn_1_PP_1_000	2	50.0	7.69230769231	1
case_9_d_1_bn_1_PP_1_000	3	66.6666666667	15.3846153846	1
case_9_d_1_bn_1_PP_1_000	4	75.0	23.0769230769	1
case_9_d_1_bn_1_PP_1_000	5	80.0	30.7692307692	1
case_9_d_1_bn_1_PP_1_000	6	83.3333333333	38.4615384615	1
case_9_d_1_bn_1_PP_1_000	7	85.7142857143	46.1538461538	1
case_9_d_1_bn_1_PP_1_000	8	87.5	53.8461538462	1
case_9_d_1_bn_1_PP_1_000	9	88.8888888889	61.5384615385	1
case_9_d_1_bn_1_PP_1_000	10	90.0	69.2307692308	1
case_9_d_1_bn_1_PP_1_000	11	81.8181818182	69.2307692308	1
case_9_d_1_bn_1_PP_1_000	12	75.0	69.2307692308	1
case_9_d_1_bn_1_PP_1_000	13	69.2307692308	69.2307692308	1
case_9_d_2_bn_1_PP_1_000	1	0.0	0.0	2
case_9_d_2_bn_1_PP_1_000	2	50.0	7.69230769231	2
case_9_d_2_bn_1_PP_1_000	3	66.6666666667	15.3846153846	2
case_9_d_2_bn_1_PP_1_000	4	75.0	23.0769230769	2
case_9_d_2_bn_1_PP_1_000	5	80.0	30.7692307692	2
case_9_d_2_bn_1_PP_1_000	6	83.3333333333	38.4615384615	2
case_9_d_2_bn_1_PP_1_000	7	85.7142857143	46.1538461538	2
case_9_d_2_bn_1_PP_1_000	8	87.5	53.8461538462	2
case_9_d_2_bn_1_PP_1_000	9	88.8888888889	61.5384615385	2
case_9_d_2_bn_1_PP_1_000	10	90.0	69.2307692308	2
case_9_d_2_bn_1_PP_1_000	11	90.9090909091	76.9230769231	2
case_9_d_2_bn_1_PP_1_000	12	91.6666666667	84.6153846154	2
case_9_d_2_bn_1_PP_1_000	13	92.3076923077	92.3076923077	2
