case_10_d_1_bn_1_PP_1_000	4	66.6666666667	37.5	1
case_10_d_2_bn_1_PP_1_000	4	93.75	56.25	2
case_11_d_1_bn_1_PP_1_000	4	52.0833333333	25.0	1
case_11_d_2_bn_1_PP_1_000	4	93.75	56.25	2
case_13_d_1_bn_1_PP_1_001	4	79.1666666667	43.75	1
case_13_d_2_bn_1_PP_1_001	4	93.75	56.25	2
case_15_d_1_bn_1_PP_1_000	4	66.6666666667	37.5	1
case_15_d_2_bn_1_PP_1_000	4	93.75	56.25	2
case_17_d_1_bn_1_PP_1_010	4	66.6666666667	37.5	1
case_17_d_2_bn_1_PP_1_010	4	93.75	56.25	2
case_7_d_1_bn_1_PP_1_000	4	0.0	0.0	1
case_7_d_2_bn_1_PP_1_000	4	0.0	0.0	2
case_9_d_1_bn_1_PP_1_000	4	79.1666666667	43.75	1
case_9_d_2_bn_1_PP_1_000	4	85.4166666667	50.0	2
