case_10_d_1_bn_1_PP_1_000	1	100.0	1.88679245283	1
case_10_d_1_bn_1_PP_1_000	2	100.0	3.77358490566	1
case_10_d_1_bn_1_PP_1_000	3	100.0	5.66037735849	1
case_10_d_1_bn_1_PP_1_000	4	100.0	7.54716981132	1
case_10_d_1_bn_1_PP_1_000	5	100.0	9.43396226415	1
case_10_d_1_bn_1_PP_1_000	6	100.0	11.320754717	1
case_10_d_1_bn_1_PP_1_000	7	100.0	13.2075471698	1
case_10_d_1_bn_1_PP_1_000	8	100.0	15.0943396226	1
case_10_d_1_bn_1_PP_1_000	9	100.0	16.9811320755	1
case_10_d_1_bn_1_PP_1_000	10	100.0	18.8679245283	1
case_10_d_1_bn_1_PP_1_000	11	100.0	20.7547169811	1
case_10_d_1_bn_1_PP_1_000	12	100.0	22.641509434	1
case_10_d_1_bn_1_PP_1_000	13	100.0	24.5283018868	1
case_10_d_1_bn_1_PP_1_000	14	92.8571428571	24.5283018868	1
case_10_d_1_bn_1_PP_1_000	15	93.3333333333	26.4150943396	1
case_10_d_1_bn_1_PP_1_000	16	93.75	28.3018867925	1
case_10_d_1_bn_1_PP_1_000	17	94.1176470588	30.1886792453	1
case_10_d_1_bn_1_PP_1_000	18	94.4444444444	32.0754716981	1
case_10_d_1_bn_1_PP_1_000	19	94.7368421053	33.9622641509	1
case_10_d_1_bn_1_PP_1_000	20	90.0	33.9622641509	1
case_10_d_1_bn_1_PP_1_000	21	90.4761904762	35.8490566038	1
case_10_d_1_bn_1_PP_1_000	22	90.9090909091	37.7358490566	1
case_10_d_1_bn_1_PP_1_000	23	91.3043478261	39.6226415094	1
case_10_d_1_bn_1_PP_1_000	24	91.6666666667	41.5094339623	1
case_10_d_1_bn_1_PP_1_000	25	92.0	43.3962264151	1
case_10_d_1_bn_1_PP_1_000	26	88.4615384615	43.3962264151	1
case_10_d_1_bn_1_PP_1_000	27	85.1851851852	43.3962264151	1
case_10_d_1_bn_1_PP_1_000	28	82.1428571429	43.3962264151	1
case_10_d_1_bn_1_PP_1_000	29	79.3103448276	43.3962264151	1
case_10_d_1_bn_1_PP_1_000	30	76.6666666667	43.3962264151	1
case_10_d_1_bn_1_PP_1_000	31	74.1935483871	43.3962264151	1
case_10_d_1_bn_1_PP_1_000	32	75.0	45.2830188679	1
case_10_d_1_bn_1_PP_1_000	33	75.7575757576	47.1698113208	1
case_10_d_1_bn_1_PP_1_000	34	76.4705882353	49.0566037736	1
case_10_d_1_bn_1_PP_1_000	35	74.2857142857	49.0566037736	1
case_10_d_1_bn_1_PP_1_000	36	75.0	50.9433962264	1
case_10_d_1_bn_1_PP_1_000	37	75.6756756757	52.8301886792	1
case_10_d_1_bn_1_PP_1_000	38	73.6842105263	52.8301886792	1
case_10_d_1_bn_1_PP_1_000	39	74.358974359	54.7169811321	1
case_10_d_1_bn_1_PP_1_000	40	72.5	54.7169811321	1
case_10_d_1_bn_1_PP_1_000	41	70.7317073171	54.7169811321	1
case_10_d_1_bn_1_PP_1_000	42	69.0476190476	54.7169811321	1
case_10_d_1_bn_1_PP_1_000	43	69.7674418605	56.6037735849	1
case_10_d_1_bn_1_PP_1_000	44	68.1818181818	56.6037735849	1
case_10_d_1_bn_1_PP_1_000	45	66.6666666667	56.6037735849	1
case_10_d_1_bn_1_PP_1_000	46	65.2173913043	56.6037735849	1
case_10_d_1_bn_1_PP_1_000	47	63.829787234	56.6037735849	1
case_10_d_1_bn_1_PP_1_000	48	62.5	56.6037735849	1
case_10_d_1_bn_1_PP_1_000	49	61.2244897959	56.6037735849	1
case_10_d_1_bn_1_PP_1_000	50	60.0	56.6037735849	1
case_10_d_1_bn_1_PP_1_000	51	58.8235294118	56.6037735849	1
case_10_d_1_bn_1_PP_1_000	52	57.6923076923	56.6037735849	1
case_10_d_1_bn_1_PP_1_000	53	56.6037735849	56.6037735849	1
case_10_d_2_bn_1_PP_1_000	1	100.0	1.88679245283	2
case_10_d_2_bn_1_PP_1_000	2	100.0	3.77358490566	2
case_10_d_2_bn_1_PP_1_000	3	100.0	5.66037735849	2
case_10_d_2_bn_1_PP_1_000	4	100.0	7.54716981132	2
case_10_d_2_bn_1_PP_1_000	5	100.0	9.43396226415	2
case_10_d_2_bn_1_PP_1_000	6	100.0	11.320754717	2
case_10_d_2_bn_1_PP_1_000	7	100.0	13.2075471698	2
case_10_d_2_bn_1_PP_1_000	8	87.5	13.2075471698	2
case_10_d_2_bn_1_PP_1_000	9	88.8888888889	15.0943396226	2
case_10_d_2_bn_1_PP_1_000	10	80.0	15.0943396226	2
case_10_d_2_bn_1_PP_1_000	11	81.8181818182	16.9811320755	2
case_10_d_2_bn_1_PP_1_000	12	83.3333333333	18.8679245283	2
case_10_d_2_bn_1_PP_1_000	13	84.6153846154	20.7547169811	2
case_10_d_2_bn_1_PP_1_000	14	78.5714285714	20.7547169811	2
case_10_d_2_bn_1_PP_1_000	15	73.3333333333	20.7547169811	2
case_10_d_2_bn_1_PP_1_000	16	68.75	20.7547169811	2
case_10_d_2_bn_1_PP_1_000	17	70.5882352941	22.641509434	2
case_10_d_2_bn_1_PP_1_000	18	72.2222222222	24.5283018868	2
case_10_d_2_bn_1_PP_1_000	19	68.4210526316	24.5283018868	2
case_10_d_2_bn_1_PP_1_000	20	70.0	26.4150943396	2
case_10_d_2_bn_1_PP_1_000	21	66.6666666667	26.4150943396	2
case_10_d_2_bn_1_PP_1_000	22	63.6363636364	26.4150943396	2
case_10_d_2_bn_1_PP_1_000	23	60.8695652174	26.4150943396	2
case_10_d_2_bn_1_PP_1_000	24	58.3333333333	26.4150943396	2
case_10_d_2_bn_1_PP_1_000	25	60.0	28.3018867925	2
case_10_d_2_bn_1_PP_1_000	26	61.5384615385	30.1886792453	2
case_10_d_2_bn_1_PP_1_000	27	62.962962963	32.0754716981	2
case_10_d_2_bn_1_PP_1_000	28	60.7142857143	32.0754716981	2
case_10_d_2_bn_1_PP_1_000	29	62.0689655172	33.9622641509	2
case_10_d_2_bn_1_PP_1_000	30	60.0	33.9622641509	2
case_10_d_2_bn_1_PP_1_000	31	58.064516129	33.9622641509	2
case_10_d_2_bn_1_PP_1_000	32	59.375	35.8490566038	2
case_10_d_2_bn_1_PP_1_000	33	57.5757575758	35.8490566038	2
case_10_d_2_bn_1_PP_1_000	34	55.8823529412	35.8490566038	2
case_10_d_2_bn_1_PP_1_000	35	57.1428571429	37.7358490566	2
case_10_d_2_bn_1_PP_1_000	36	58.3333333333	39.6226415094	2
case_10_d_2_bn_1_PP_1_000	37	56.7567567568	39.6226415094	2
case_10_d_2_bn_1_PP_1_000	38	55.2631578947	39.6226415094	2
case_10_d_2_bn_1_PP_1_000	39	53.8461538462	39.6226415094	2
case_10_d_2_bn_1_PP_1_000	40	52.5	39.6226415094	2
case_10_d_2_bn_1_PP_1_000	41	51.2195121951	39.6226415094	2
case_10_d_2_bn_1_PP_1_000	42	50.0	39.6226415094	2
case_10_d_2_bn_1_PP_1_000	43	48.8372093023	39.6226415094	2
case_10_d_2_bn_1_PP_1_000	44	50.0	41.5094339623	2
case_10_d_2_bn_1_PP_1_000	45	48.8888888889	41.5094339623	2
case_10_d_2_bn_1_PP_1_000	46	50.0	43.3962264151	2
case_10_d_2_bn_1_PP_1_000	47	48.9361702128	43.3962264151	2
case_10_d_2_bn_1_PP_1_000	48	47.9166666667	43.3962264151	2
case_10_d_2_bn_1_PP_1_000	49	46.9387755102	43.3962264151	2
case_10_d_2_bn_1_PP_1_000	50	46.0	43.3962264151	2
case_10_d_2_bn_1_PP_1_000	51	47.0588235294	45.2830188679	2
case_10_d_2_bn_1_PP_1_000	52	46.1538461538	45.2830188679	2
case_10_d_2_bn_1_PP_1_000	53	45.2830188679	45.2830188679	2
case_11_d_1_bn_1_PP_1_000	1	100.0	1.88679245283	1
case_11_d_1_bn_1_PP_1_000	2	100.0	3.77358490566	1
case_11_d_1_bn_1_PP_1_000	3	100.0	5.66037735849	1
case_11_d_1_bn_1_PP_1_000	4	100.0	7.54716981132	1
case_11_d_1_bn_1_PP_1_000	5	100.0	9.43396226415	1
case_11_d_1_bn_1_PP_1_000	6	100.0	11.320754717	1
case_11_d_1_bn_1_PP_1_000	7	100.0	13.2075471698	1
case_11_d_1_bn_1_PP_1_000	8	87.5	13.2075471698	1
case_11_d_1_bn_1_PP_1_000	9	88.8888888889	15.0943396226	1
case_11_d_1_bn_1_PP_1_000	10	90.0	16.9811320755	1
case_11_d_1_bn_1_PP_1_000	11	90.9090909091	18.8679245283	1
case_11_d_1_bn_1_PP_1_000	12	91.6666666667	20.7547169811	1
case_11_d_1_bn_1_PP_1_000	13	84.6153846154	20.7547169811	1
case_11_d_1_bn_1_PP_1_000	14	85.7142857143	22.641509434	1
case_11_d_1_bn_1_PP_1_000	15	86.6666666667	24.5283018868	1
case_11_d_1_bn_1_PP_1_000	16	87.5	26.4150943396	1
case_11_d_1_bn_1_PP_1_000	17	82.3529411765	26.4150943396	1
case_11_d_1_bn_1_PP_1_000	18	77.7777777778	26.4150943396	1
case_11_d_1_bn_1_PP_1_000	19	78.9473684211	28.3018867925	1
case_11_d_1_bn_1_PP_1_000	20	80.0	30.1886792453	1
case_11_d_1_bn_1_PP_1_000	21	80.9523809524	32.0754716981	1
case_11_d_1_bn_1_PP_1_000	22	81.8181818182	33.9622641509	1
case_11_d_1_bn_1_PP_1_000	23	78.2608695652	33.9622641509	1
case_11_d_1_bn_1_PP_1_000	24	79.1666666667	35.8490566038	1
case_11_d_1_bn_1_PP_1_000	25	80.0	37.7358490566	1
case_11_d_1_bn_1_PP_1_000	26	80.7692307692	39.6226415094	1
case_11_d_1_bn_1_PP_1_000	27	77.7777777778	39.6226415094	1
case_11_d_1_bn_1_PP_1_000	28	75.0	39.6226415094	1
case_11_d_1_bn_1_PP_1_000	29	72.4137931034	39.6226415094	1
case_11_d_1_bn_1_PP_1_000	30	70.0	39.6226415094	1
case_11_d_1_bn_1_PP_1_000	31	70.9677419355	41.5094339623	1
case_11_d_1_bn_1_PP_1_000	32	68.75	41.5094339623	1
case_11_d_1_bn_1_PP_1_000	33	69.696969697	43.3962264151	1
case_11_d_1_bn_1_PP_1_000	34	67.6470588235	43.3962264151	1
case_11_d_1_bn_1_PP_1_000	35	68.5714285714	45.2830188679	1
case_11_d_1_bn_1_PP_1_000	36	66.6666666667	45.2830188679	1
case_11_d_1_bn_1_PP_1_000	37	67.5675675676	47.1698113208	1
case_11_d_1_bn_1_PP_1_000	38	68.4210526316	49.0566037736	1
case_11_d_1_bn_1_PP_1_000	39	66.6666666667	49.0566037736	1
case_11_d_1_bn_1_PP_1_000	40	67.5	50.9433962264	1
case_11_d_1_bn_1_PP_1_000	41	65.8536585366	50.9433962264	1
case_11_d_1_bn_1_PP_1_000	42	64.2857142857	50.9433962264	1
case_11_d_1_bn_1_PP_1_000	43	65.1162790698	52.8301886792	1
case_11_d_1_bn_1_PP_1_000	44	63.6363636364	52.8301886792	1
case_11_d_1_bn_1_PP_1_000	45	64.4444444444	54.7169811321	1
case_11_d_1_bn_1_PP_1_000	46	63.0434782609	54.7169811321	1
case_11_d_1_bn_1_PP_1_000	47	61.7021276596	54.7169811321	1
case_11_d_1_bn_1_PP_1_000	48	60.4166666667	54.7169811321	1
case_11_d_1_bn_1_PP_1_000	49	59.1836734694	54.7169811321	1
case_11_d_1_bn_1_PP_1_000	50	58.0	54.7169811321	1
case_11_d_1_bn_1_PP_1_000	51	56.862745098	54.7169811321	1
case_11_d_1_bn_1_PP_1_000	52	57.6923076923	56.6037735849	1
case_11_d_1_bn_1_PP_1_000	53	56.6037735849	56.6037735849	1
case_11_d_2_bn_1_PP_1_000	1	100.0	1.88679245283	2
case_11_d_2_bn_1_PP_1_000	2	100.0	3.77358490566	2
case_11_d_2_bn_1_PP_1_000	3	100.0	5.66037735849	2
case_11_d_2_bn_1_PP_1_000	4	100.0	7.54716981132	2
case_11_d_2_bn_1_PP_1_000	5	100.0	9.43396226415	2
case_11_d_2_bn_1_PP_1_000	6	100.0	11.320754717	2
case_11_d_2_bn_1_PP_1_000	7	100.0	13.2075471698	2
case_11_d_2_bn_1_PP_1_000	8	100.0	15.0943396226	2
case_11_d_2_bn_1_PP_1_000	9	100.0	16.9811320755	2
case_11_d_2_bn_1_PP_1_000	10	90.0	16.9811320755	2
case_11_d_2_bn_1_PP_1_000	11	90.9090909091	18.8679245283	2
case_11_d_2_bn_1_PP_1_000	12	91.6666666667	20.7547169811	2
case_11_d_2_bn_1_PP_1_000	13	92.3076923077	22.641509434	2
case_11_d_2_bn_1_PP_1_000	14	92.8571428571	24.5283018868	2
case_11_d_2_bn_1_PP_1_000	15	93.3333333333	26.4150943396	2
case_11_d_2_bn_1_PP_1_000	16	93.75	28.3018867925	2
case_11_d_2_bn_1_PP_1_000	17	88.2352941176	28.3018867925	2
case_11_d_2_bn_1_PP_1_000	18	88.8888888889	30.1886792453	2
case_11_d_2_bn_1_PP_1_000	19	89.4736842105	32.0754716981	2
case_11_d_2_bn_1_PP_1_000	20	90.0	33.9622641509	2
case_11_d_2_bn_1_PP_1_000	21	85.7142857143	33.9622641509	2
case_11_d_2_bn_1_PP_1_000	22	86.3636363636	35.8490566038	2
case_11_d_2_bn_1_PP_1_000	23	82.6086956522	35.8490566038	2
case_11_d_2_bn_1_PP_1_000	24	79.1666666667	35.8490566038	2
case_11_d_2_bn_1_PP_1_000	25	80.0	37.7358490566	2
case_11_d_2_bn_1_PP_1_000	26	76.9230769231	37.7358490566	2
case_11_d_2_bn_1_PP_1_000	27	77.7777777778	39.6226415094	2
case_11_d_2_bn_1_PP_1_000	28	78.5714285714	41.5094339623	2
case_11_d_2_bn_1_PP_1_000	29	79.3103448276	43.3962264151	2
case_11_d_2_bn_1_PP_1_000	30	80.0	45.2830188679	2
case_11_d_2_bn_1_PP_1_000	31	80.6451612903	47.1698113208	2
case_11_d_2_bn_1_PP_1_000	32	81.25	49.0566037736	2
case_11_d_2_bn_1_PP_1_000	33	78.7878787879	49.0566037736	2
case_11_d_2_bn_1_PP_1_000	34	79.4117647059	50.9433962264	2
case_11_d_2_bn_1_PP_1_000	35	77.1428571429	50.9433962264	2
case_11_d_2_bn_1_PP_1_000	36	77.7777777778	52.8301886792	2
case_11_d_2_bn_1_PP_1_000	37	75.6756756757	52.8301886792	2
case_11_d_2_bn_1_PP_1_000	38	73.6842105263	52.8301886792	2
case_11_d_2_bn_1_PP_1_000	39	71.7948717949	52.8301886792	2
case_11_d_2_bn_1_PP_1_000	40	70.0	52.8301886792	2
case_11_d_2_bn_1_PP_1_000	41	68.2926829268	52.8301886792	2
case_11_d_2_bn_1_PP_1_000	42	66.6666666667	52.8301886792	2
case_11_d_2_bn_1_PP_1_000	43	67.4418604651	54.7169811321	2
case_11_d_2_bn_1_PP_1_000	44	65.9090909091	54.7169811321	2
case_11_d_2_bn_1_PP_1_000	45	64.4444444444	54.7169811321	2
case_11_d_2_bn_1_PP_1_000	46	63.0434782609	54.7169811321	2
case_11_d_2_bn_1_PP_1_000	47	61.7021276596	54.7169811321	2
case_11_d_2_bn_1_PP_1_000	48	60.4166666667	54.7169811321	2
case_11_d_2_bn_1_PP_1_000	49	59.1836734694	54.7169811321	2
case_11_d_2_bn_1_PP_1_000	50	58.0	54.7169811321	2
case_11_d_2_bn_1_PP_1_000	51	56.862745098	54.7169811321	2
case_11_d_2_bn_1_PP_1_000	52	55.7692307692	54.7169811321	2
case_11_d_2_bn_1_PP_1_000	53	54.7169811321	54.7169811321	2
case_13_d_1_bn_1_PP_1_001	1	100.0	1.88679245283	1
case_13_d_1_bn_1_PP_1_001	2	100.0	3.77358490566	1
case_13_d_1_bn_1_PP_1_001	3	100.0	5.66037735849	1
case_13_d_1_bn_1_PP_1_001	4	100.0	7.54716981132	1
case_13_d_1_bn_1_PP_1_001	5	100.0	9.43396226415	1
case_13_d_1_bn_1_PP_1_001	6	100.0	11.320754717	1
case_13_d_1_bn_1_PP_1_001	7	100.0	13.2075471698	1
case_13_d_1_bn_1_PP_1_001	8	100.0	15.0943396226	1
case_13_d_1_bn_1_PP_1_001	9	100.0	16.9811320755	1
case_13_d_1_bn_1_PP_1_001	10	100.0	18.8679245283	1
case_13_d_1_bn_1_PP_1_001	11	100.0	20.7547169811	1
case_13_d_1_bn_1_PP_1_001	12	100.0	22.641509434	1
case_13_d_1_bn_1_PP_1_001	13	100.0	24.5283018868	1
case_13_d_1_bn_1_PP_1_001	14	100.0	26.4150943396	1
case_13_d_1_bn_1_PP_1_001	15	93.3333333333	26.4150943396	1
case_13_d_1_bn_1_PP_1_001	16	93.75	28.3018867925	1
case_13_d_1_bn_1_PP_1_001	17	94.1176470588	30.1886792453	1
case_13_d_1_bn_1_PP_1_001	18	94.4444444444	32.0754716981	1
case_13_d_1_bn_1_PP_1_001	19	94.7368421053	33.9622641509	1
case_13_d_1_bn_1_PP_1_001	20	95.0	35.8490566038	1
case_13_d_1_bn_1_PP_1_001	21	95.2380952381	37.7358490566	1
case_13_d_1_bn_1_PP_1_001	22	95.4545454545	39.6226415094	1
case_13_d_1_bn_1_PP_1_001	23	95.652173913	41.5094339623	1
case_13_d_1_bn_1_PP_1_001	24	95.8333333333	43.3962264151	1
case_13_d_1_bn_1_PP_1_001	25	92.0	43.3962264151	1
case_13_d_1_bn_1_PP_1_001	26	88.4615384615	43.3962264151	1
case_13_d_1_bn_1_PP_1_001	27	88.8888888889	45.2830188679	1
case_13_d_1_bn_1_PP_1_001	28	89.2857142857	47.1698113208	1
case_13_d_1_bn_1_PP_1_001	29	86.2068965517	47.1698113208	1
case_13_d_1_bn_1_PP_1_001	30	83.3333333333	47.1698113208	1
case_13_d_1_bn_1_PP_1_001	31	80.6451612903	47.1698113208	1
case_13_d_1_bn_1_PP_1_001	32	81.25	49.0566037736	1
case_13_d_1_bn_1_PP_1_001	33	81.8181818182	50.9433962264	1
case_13_d_1_bn_1_PP_1_001	34	82.3529411765	52.8301886792	1
case_13_d_1_bn_1_PP_1_001	35	80.0	52.8301886792	1
case_13_d_1_bn_1_PP_1_001	36	77.7777777778	52.8301886792	1
case_13_d_1_bn_1_PP_1_001	37	75.6756756757	52.8301886792	1
case_13_d_1_bn_1_PP_1_001	38	73.6842105263	52.8301886792	1
case_13_d_1_bn_1_PP_1_001	39	71.7948717949	52.8301886792	1
case_13_d_1_bn_1_PP_1_001	40	70.0	52.8301886792	1
case_13_d_1_bn_1_PP_1_001	41	68.2926829268	52.8301886792	1
case_13_d_1_bn_1_PP_1_001	42	66.6666666667	52.8301886792	1
case_13_d_1_bn_1_PP_1_001	43	67.4418604651	54.7169811321	1
case_13_d_1_bn_1_PP_1_001	44	65.9090909091	54.7169811321	1
case_13_d_1_bn_1_PP_1_001	45	66.6666666667	56.6037735849	1
case_13_d_1_bn_1_PP_1_001	46	67.3913043478	58.4905660377	1
case_13_d_1_bn_1_PP_1_001	47	65.9574468085	58.4905660377	1
case_13_d_1_bn_1_PP_1_001	48	64.5833333333	58.4905660377	1
case_13_d_1_bn_1_PP_1_001	49	63.2653061224	58.4905660377	1
case_13_d_1_bn_1_PP_1_001	50	62.0	58.4905660377	1
case_13_d_1_bn_1_PP_1_001	51	60.7843137255	58.4905660377	1
case_13_d_1_bn_1_PP_1_001	52	59.6153846154	58.4905660377	1
case_13_d_1_bn_1_PP_1_001	53	58.4905660377	58.4905660377	1
case_13_d_2_bn_1_PP_1_001	1	100.0	1.88679245283	2
case_13_d_2_bn_1_PP_1_001	2	100.0	3.77358490566	2
case_13_d_2_bn_1_PP_1_001	3	100.0	5.66037735849	2
case_13_d_2_bn_1_PP_1_001	4	100.0	7.54716981132	2
case_13_d_2_bn_1_PP_1_001	5	100.0	9.43396226415	2
case_13_d_2_bn_1_PP_1_001	6	100.0	11.320754717	2
case_13_d_2_bn_1_PP_1_001	7	85.7142857143	11.320754717	2
case_13_d_2_bn_1_PP_1_001	8	87.5	13.2075471698	2
case_13_d_2_bn_1_PP_1_001	9	88.8888888889	15.0943396226	2
case_13_d_2_bn_1_PP_1_001	10	90.0	16.9811320755	2
case_13_d_2_bn_1_PP_1_001	11	90.9090909091	18.8679245283	2
case_13_d_2_bn_1_PP_1_001	12	91.6666666667	20.7547169811	2
case_13_d_2_bn_1_PP_1_001	13	84.6153846154	20.7547169811	2
case_13_d_2_bn_1_PP_1_001	14	85.7142857143	22.641509434	2
case_13_d_2_bn_1_PP_1_001	15	86.6666666667	24.5283018868	2
case_13_d_2_bn_1_PP_1_001	16	81.25	24.5283018868	2
case_13_d_2_bn_1_PP_1_001	17	82.3529411765	26.4150943396	2
case_13_d_2_bn_1_PP_1_001	18	83.3333333333	28.3018867925	2
case_13_d_2_bn_1_PP_1_001	19	84.2105263158	30.1886792453	2
case_13_d_2_bn_1_PP_1_001	20	85.0	32.0754716981	2
case_13_d_2_bn_1_PP_1_001	21	85.7142857143	33.9622641509	2
case_13_d_2_bn_1_PP_1_001	22	81.8181818182	33.9622641509	2
case_13_d_2_bn_1_PP_1_001	23	78.2608695652	33.9622641509	2
case_13_d_2_bn_1_PP_1_001	24	75.0	33.9622641509	2
case_13_d_2_bn_1_PP_1_001	25	76.0	35.8490566038	2
case_13_d_2_bn_1_PP_1_001	26	76.9230769231	37.7358490566	2
case_13_d_2_bn_1_PP_1_001	27	74.0740740741	37.7358490566	2
case_13_d_2_bn_1_PP_1_001	28	75.0	39.6226415094	2
case_13_d_2_bn_1_PP_1_001	29	75.8620689655	41.5094339623	2
case_13_d_2_bn_1_PP_1_001	30	76.6666666667	43.3962264151	2
case_13_d_2_bn_1_PP_1_001	31	77.4193548387	45.2830188679	2
case_13_d_2_bn_1_PP_1_001	32	75.0	45.2830188679	2
case_13_d_2_bn_1_PP_1_001	33	72.7272727273	45.2830188679	2
case_13_d_2_bn_1_PP_1_001	34	70.5882352941	45.2830188679	2
case_13_d_2_bn_1_PP_1_001	35	71.4285714286	47.1698113208	2
case_13_d_2_bn_1_PP_1_001	36	69.4444444444	47.1698113208	2
case_13_d_2_bn_1_PP_1_001	37	67.5675675676	47.1698113208	2
case_13_d_2_bn_1_PP_1_001	38	65.7894736842	47.1698113208	2
case_13_d_2_bn_1_PP_1_001	39	64.1025641026	47.1698113208	2
case_13_d_2_bn_1_PP_1_001	40	62.5	47.1698113208	2
case_13_d_2_bn_1_PP_1_001	41	60.9756097561	47.1698113208	2
case_13_d_2_bn_1_PP_1_001	42	59.5238095238	47.1698113208	2
case_13_d_2_bn_1_PP_1_001	43	58.1395348837	47.1698113208	2
case_13_d_2_bn_1_PP_1_001	44	56.8181818182	47.1698113208	2
case_13_d_2_bn_1_PP_1_001	45	57.7777777778	49.0566037736	2
case_13_d_2_bn_1_PP_1_001	46	56.5217391304	49.0566037736	2
case_13_d_2_bn_1_PP_1_001	47	57.4468085106	50.9433962264	2
case_13_d_2_bn_1_PP_1_001	48	56.25	50.9433962264	2
case_13_d_2_bn_1_PP_1_001	49	55.1020408163	50.9433962264	2
case_13_d_2_bn_1_PP_1_001	50	54.0	50.9433962264	2
case_13_d_2_bn_1_PP_1_001	51	54.9019607843	52.8301886792	2
case_13_d_2_bn_1_PP_1_001	52	53.8461538462	52.8301886792	2
case_13_d_2_bn_1_PP_1_001	53	54.7169811321	54.7169811321	2
case_15_d_1_bn_1_PP_1_000	1	100.0	1.88679245283	1
case_15_d_1_bn_1_PP_1_000	2	100.0	3.77358490566	1
case_15_d_1_bn_1_PP_1_000	3	100.0	5.66037735849	1
case_15_d_1_bn_1_PP_1_000	4	100.0	7.54716981132	1
case_15_d_1_bn_1_PP_1_000	5	100.0	9.43396226415	1
case_15_d_1_bn_1_PP_1_000	6	100.0	11.320754717	1
case_15_d_1_bn_1_PP_1_000	7	100.0	13.2075471698	1
case_15_d_1_bn_1_PP_1_000	8	100.0	15.0943396226	1
case_15_d_1_bn_1_PP_1_000	9	100.0	16.9811320755	1
case_15_d_1_bn_1_PP_1_000	10	100.0	18.8679245283	1
case_15_d_1_bn_1_PP_1_000	11	90.9090909091	18.8679245283	1
case_15_d_1_bn_1_PP_1_000	12	91.6666666667	20.7547169811	1
case_15_d_1_bn_1_PP_1_000	13	92.3076923077	22.641509434	1
case_15_d_1_bn_1_PP_1_000	14	92.8571428571	24.5283018868	1
case_15_d_1_bn_1_PP_1_000	15	93.3333333333	26.4150943396	1
case_15_d_1_bn_1_PP_1_000	16	93.75	28.3018867925	1
case_15_d_1_bn_1_PP_1_000	17	94.1176470588	30.1886792453	1
case_15_d_1_bn_1_PP_1_000	18	94.4444444444	32.0754716981	1
case_15_d_1_bn_1_PP_1_000	19	94.7368421053	33.9622641509	1
case_15_d_1_bn_1_PP_1_000	20	90.0	33.9622641509	1
case_15_d_1_bn_1_PP_1_000	21	85.7142857143	33.9622641509	1
case_15_d_1_bn_1_PP_1_000	22	86.3636363636	35.8490566038	1
case_15_d_1_bn_1_PP_1_000	23	86.9565217391	37.7358490566	1
case_15_d_1_bn_1_PP_1_000	24	87.5	39.6226415094	1
case_15_d_1_bn_1_PP_1_000	25	88.0	41.5094339623	1
case_15_d_1_bn_1_PP_1_000	26	88.4615384615	43.3962264151	1
case_15_d_1_bn_1_PP_1_000	27	85.1851851852	43.3962264151	1
case_15_d_1_bn_1_PP_1_000	28	85.7142857143	45.2830188679	1
case_15_d_1_bn_1_PP_1_000	29	82.7586206897	45.2830188679	1
case_15_d_1_bn_1_PP_1_000	30	80.0	45.2830188679	1
case_15_d_1_bn_1_PP_1_000	31	80.6451612903	47.1698113208	1
case_15_d_1_bn_1_PP_1_000	32	78.125	47.1698113208	1
case_15_d_1_bn_1_PP_1_000	33	78.7878787879	49.0566037736	1
case_15_d_1_bn_1_PP_1_000	34	79.4117647059	50.9433962264	1
case_15_d_1_bn_1_PP_1_000	35	80.0	52.8301886792	1
case_15_d_1_bn_1_PP_1_000	36	77.7777777778	52.8301886792	1
case_15_d_1_bn_1_PP_1_000	37	75.6756756757	52.8301886792	1
case_15_d_1_bn_1_PP_1_000	38	76.3157894737	54.7169811321	1
case_15_d_1_bn_1_PP_1_000	39	76.9230769231	56.6037735849	1
case_15_d_1_bn_1_PP_1_000	40	75.0	56.6037735849	1
case_15_d_1_bn_1_PP_1_000	41	73.1707317073	56.6037735849	1
case_15_d_1_bn_1_PP_1_000	42	71.4285714286	56.6037735849	1
case_15_d_1_bn_1_PP_1_000	43	69.7674418605	56.6037735849	1
case_15_d_1_bn_1_PP_1_000	44	68.1818181818	56.6037735849	1
case_15_d_1_bn_1_PP_1_000	45	66.6666666667	56.6037735849	1
case_15_d_1_bn_1_PP_1_000	46	65.2173913043	56.6037735849	1
case_15_d_1_bn_1_PP_1_000	47	63.829787234	56.6037735849	1
case_15_d_1_bn_1_PP_1_000	48	62.5	56.6037735849	1
case_15_d_1_bn_1_PP_1_000	49	63.2653061224	58.4905660377	1
case_15_d_1_bn_1_PP_1_000	50	62.0	58.4905660377	1
case_15_d_1_bn_1_PP_1_000	51	62.7450980392	60.3773584906	1
case_15_d_1_bn_1_PP_1_000	52	63.4615384615	62.2641509434	1
case_15_d_1_bn_1_PP_1_000	53	62.2641509434	62.2641509434	1
case_15_d_2_bn_1_PP_1_000	1	100.0	1.88679245283	2
case_15_d_2_bn_1_PP_1_000	2	100.0	3.77358490566	2
case_15_d_2_bn_1_PP_1_000	3	100.0	5.66037735849	2
case_15_d_2_bn_1_PP_1_000	4	100.0	7.54716981132	2
case_15_d_2_bn_1_PP_1_000	5	100.0	9.43396226415	2
case_15_d_2_bn_1_PP_1_000	6	100.0	11.320754717	2
case_15_d_2_bn_1_PP_1_000	7	100.0	13.2075471698	2
case_15_d_2_bn_1_PP_1_000	8	100.0	15.0943396226	2
case_15_d_2_bn_1_PP_1_000	9	100.0	16.9811320755	2
case_15_d_2_bn_1_PP_1_000	10	100.0	18.8679245283	2
case_15_d_2_bn_1_PP_1_000	11	100.0	20.7547169811	2
case_15_d_2_bn_1_PP_1_000	12	100.0	22.641509434	2
case_15_d_2_bn_1_PP_1_000	13	100.0	24.5283018868	2
case_15_d_2_bn_1_PP_1_000	14	92.8571428571	24.5283018868	2
case_15_d_2_bn_1_PP_1_000	15	93.3333333333	26.4150943396	2
case_15_d_2_bn_1_PP_1_000	16	93.75	28.3018867925	2
case_15_d_2_bn_1_PP_1_000	17	94.1176470588	30.1886792453	2
case_15_d_2_bn_1_PP_1_000	18	88.8888888889	30.1886792453	2
case_15_d_2_bn_1_PP_1_000	19	89.4736842105	32.0754716981	2
case_15_d_2_bn_1_PP_1_000	20	90.0	33.9622641509	2
case_15_d_2_bn_1_PP_1_000	21	90.4761904762	35.8490566038	2
case_15_d_2_bn_1_PP_1_000	22	90.9090909091	37.7358490566	2
case_15_d_2_bn_1_PP_1_000	23	86.9565217391	37.7358490566	2
case_15_d_2_bn_1_PP_1_000	24	87.5	39.6226415094	2
case_15_d_2_bn_1_PP_1_000	25	84.0	39.6226415094	2
case_15_d_2_bn_1_PP_1_000	26	84.6153846154	41.5094339623	2
case_15_d_2_bn_1_PP_1_000	27	85.1851851852	43.3962264151	2
case_15_d_2_bn_1_PP_1_000	28	82.1428571429	43.3962264151	2
case_15_d_2_bn_1_PP_1_000	29	82.7586206897	45.2830188679	2
case_15_d_2_bn_1_PP_1_000	30	80.0	45.2830188679	2
case_15_d_2_bn_1_PP_1_000	31	80.6451612903	47.1698113208	2
case_15_d_2_bn_1_PP_1_000	32	78.125	47.1698113208	2
case_15_d_2_bn_1_PP_1_000	33	75.7575757576	47.1698113208	2
case_15_d_2_bn_1_PP_1_000	34	73.5294117647	47.1698113208	2
case_15_d_2_bn_1_PP_1_000	35	71.4285714286	47.1698113208	2
case_15_d_2_bn_1_PP_1_000	36	69.4444444444	47.1698113208	2
case_15_d_2_bn_1_PP_1_000	37	67.5675675676	47.1698113208	2
case_15_d_2_bn_1_PP_1_000	38	68.4210526316	49.0566037736	2
case_15_d_2_bn_1_PP_1_000	39	66.6666666667	49.0566037736	2
case_15_d_2_bn_1_PP_1_000	40	65.0	49.0566037736	2
case_15_d_2_bn_1_PP_1_000	41	63.4146341463	49.0566037736	2
case_15_d_2_bn_1_PP_1_000	42	61.9047619048	49.0566037736	2
case_15_d_2_bn_1_PP_1_000	43	60.4651162791	49.0566037736	2
case_15_d_2_bn_1_PP_1_000	44	59.0909090909	49.0566037736	2
case_15_d_2_bn_1_PP_1_000	45	57.7777777778	49.0566037736	2
case_15_d_2_bn_1_PP_1_000	46	58.6956521739	50.9433962264	2
case_15_d_2_bn_1_PP_1_000	47	57.4468085106	50.9433962264	2
case_15_d_2_bn_1_PP_1_000	48	56.25	50.9433962264	2
case_15_d_2_bn_1_PP_1_000	49	55.1020408163	50.9433962264	2
case_15_d_2_bn_1_PP_1_000	50	56.0	52.8301886792	2
case_15_d_2_bn_1_PP_1_000	51	54.9019607843	52.8301886792	2
case_15_d_2_bn_1_PP_1_000	52	55.7692307692	54.7169811321	2
case_15_d_2_bn_1_PP_1_000	53	54.7169811321	54.7169811321	2
case_17_d_1_bn_1_PP_1_010	1	100.0	1.88679245283	1
case_17_d_1_bn_1_PP_1_010	2	100.0	3.77358490566	1
case_17_d_1_bn_1_PP_1_010	3	100.0	5.66037735849	1
case_17_d_1_bn_1_PP_1_010	4	100.0	7.54716981132	1
case_17_d_1_bn_1_PP_1_010	5	100.0	9.43396226415	1
case_17_d_1_bn_1_PP_1_010	6	100.0	11.320754717	1
case_17_d_1_bn_1_PP_1_010	7	100.0	13.2075471698	1
case_17_d_1_bn_1_PP_1_010	8	100.0	15.0943396226	1
case_17_d_1_bn_1_PP_1_010	9	100.0	16.9811320755	1
case_17_d_1_bn_1_PP_1_010	10	100.0	18.8679245283	1
case_17_d_1_bn_1_PP_1_010	11	100.0	20.7547169811	1
case_17_d_1_bn_1_PP_1_010	12	91.6666666667	20.7547169811	1
case_17_d_1_bn_1_PP_1_010	13	92.3076923077	22.641509434	1
case_17_d_1_bn_1_PP_1_010	14	92.8571428571	24.5283018868	1
case_17_d_1_bn_1_PP_1_010	15	93.3333333333	26.4150943396	1
case_17_d_1_bn_1_PP_1_010	16	93.75	28.3018867925	1
case_17_d_1_bn_1_PP_1_010	17	94.1176470588	30.1886792453	1
case_17_d_1_bn_1_PP_1_010	18	94.4444444444	32.0754716981	1
case_17_d_1_bn_1_PP_1_010	19	94.7368421053	33.9622641509	1
case_17_d_1_bn_1_PP_1_010	20	95.0	35.8490566038	1
case_17_d_1_bn_1_PP_1_010	21	95.2380952381	37.7358490566	1
case_17_d_1_bn_1_PP_1_010	22	90.9090909091	37.7358490566	1
case_17_d_1_bn_1_PP_1_010	23	91.3043478261	39.6226415094	1
case_17_d_1_bn_1_PP_1_010	24	91.6666666667	41.5094339623	1
case_17_d_1_bn_1_PP_1_010	25	88.0	41.5094339623	1
case_17_d_1_bn_1_PP_1_010	26	88.4615384615	43.3962264151	1
case_17_d_1_bn_1_PP_1_010	27	85.1851851852	43.3962264151	1
case_17_d_1_bn_1_PP_1_010	28	82.1428571429	43.3962264151	1
case_17_d_1_bn_1_PP_1_010	29	79.3103448276	43.3962264151	1
case_17_d_1_bn_1_PP_1_010	30	76.6666666667	43.3962264151	1
case_17_d_1_bn_1_PP_1_010	31	77.4193548387	45.2830188679	1
case_17_d_1_bn_1_PP_1_010	32	75.0	45.2830188679	1
case_17_d_1_bn_1_PP_1_010	33	72.7272727273	45.2830188679	1
case_17_d_1_bn_1_PP_1_010	34	73.5294117647	47.1698113208	1
case_17_d_1_bn_1_PP_1_010	35	71.4285714286	47.1698113208	1
case_17_d_1_bn_1_PP_1_010	36	69.4444444444	47.1698113208	1
case_17_d_1_bn_1_PP_1_010	37	70.2702702703	49.0566037736	1
case_17_d_1_bn_1_PP_1_010	38	71.0526315789	50.9433962264	1
case_17_d_1_bn_1_PP_1_010	39	69.2307692308	50.9433962264	1
case_17_d_1_bn_1_PP_1_010	40	67.5	50.9433962264	1
case_17_d_1_bn_1_PP_1_010	41	65.8536585366	50.9433962264	1
case_17_d_1_bn_1_PP_1_010	42	66.6666666667	52.8301886792	1
case_17_d_1_bn_1_PP_1_010	43	67.4418604651	54.7169811321	1
case_17_d_1_bn_1_PP_1_010	44	65.9090909091	54.7169811321	1
case_17_d_1_bn_1_PP_1_010	45	66.6666666667	56.6037735849	1
case_17_d_1_bn_1_PP_1_010	46	67.3913043478	58.4905660377	1
case_17_d_1_bn_1_PP_1_010	47	65.9574468085	58.4905660377	1
case_17_d_1_bn_1_PP_1_010	48	66.6666666667	60.3773584906	1
case_17_d_1_bn_1_PP_1_010	49	65.306122449	60.3773584906	1
case_17_d_1_bn_1_PP_1_010	50	64.0	60.3773584906	1
case_17_d_1_bn_1_PP_1_010	51	62.7450980392	60.3773584906	1
case_17_d_1_bn_1_PP_1_010	52	61.5384615385	60.3773584906	1
case_17_d_1_bn_1_PP_1_010	53	62.2641509434	62.2641509434	1
case_17_d_2_bn_1_PP_1_010	1	100.0	1.88679245283	2
case_17_d_2_bn_1_PP_1_010	2	100.0	3.77358490566	2
case_17_d_2_bn_1_PP_1_010	3	100.0	5.66037735849	2
case_17_d_2_bn_1_PP_1_010	4	100.0	7.54716981132	2
case_17_d_2_bn_1_PP_1_010	5	100.0	9.43396226415	2
case_17_d_2_bn_1_PP_1_010	6	100.0	11.320754717	2
case_17_d_2_bn_1_PP_1_010	7	100.0	13.2075471698	2
case_17_d_2_bn_1_PP_1_010	8	87.5	13.2075471698	2
case_17_d_2_bn_1_PP_1_010	9	88.8888888889	15.0943396226	2
case_17_d_2_bn_1_PP_1_010	10	80.0	15.0943396226	2
case_17_d_2_bn_1_PP_1_010	11	72.7272727273	15.0943396226	2
case_17_d_2_bn_1_PP_1_010	12	66.6666666667	15.0943396226	2
case_17_d_2_bn_1_PP_1_010	13	61.5384615385	15.0943396226	2
case_17_d_2_bn_1_PP_1_010	14	64.2857142857	16.9811320755	2
case_17_d_2_bn_1_PP_1_010	15	66.6666666667	18.8679245283	2
case_17_d_2_bn_1_PP_1_010	16	62.5	18.8679245283	2
case_17_d_2_bn_1_PP_1_010	17	58.8235294118	18.8679245283	2
case_17_d_2_bn_1_PP_1_010	18	61.1111111111	20.7547169811	2
case_17_d_2_bn_1_PP_1_010	19	57.8947368421	20.7547169811	2
case_17_d_2_bn_1_PP_1_010	20	60.0	22.641509434	2
case_17_d_2_bn_1_PP_1_010	21	61.9047619048	24.5283018868	2
case_17_d_2_bn_1_PP_1_010	22	59.0909090909	24.5283018868	2
case_17_d_2_bn_1_PP_1_010	23	60.8695652174	26.4150943396	2
case_17_d_2_bn_1_PP_1_010	24	62.5	28.3018867925	2
case_17_d_2_bn_1_PP_1_010	25	64.0	30.1886792453	2
case_17_d_2_bn_1_PP_1_010	26	61.5384615385	30.1886792453	2
case_17_d_2_bn_1_PP_1_010	27	59.2592592593	30.1886792453	2
case_17_d_2_bn_1_PP_1_010	28	57.1428571429	30.1886792453	2
case_17_d_2_bn_1_PP_1_010	29	55.1724137931	30.1886792453	2
case_17_d_2_bn_1_PP_1_010	30	53.3333333333	30.1886792453	2
case_17_d_2_bn_1_PP_1_010	31	54.8387096774	32.0754716981	2
case_17_d_2_bn_1_PP_1_010	32	53.125	32.0754716981	2
case_17_d_2_bn_1_PP_1_010	33	54.5454545455	33.9622641509	2
case_17_d_2_bn_1_PP_1_010	34	55.8823529412	35.8490566038	2
case_17_d_2_bn_1_PP_1_010	35	54.2857142857	35.8490566038	2
case_17_d_2_bn_1_PP_1_010	36	55.5555555556	37.7358490566	2
case_17_d_2_bn_1_PP_1_010	37	54.0540540541	37.7358490566	2
case_17_d_2_bn_1_PP_1_010	38	52.6315789474	37.7358490566	2
case_17_d_2_bn_1_PP_1_010	39	51.2820512821	37.7358490566	2
case_17_d_2_bn_1_PP_1_010	40	50.0	37.7358490566	2
case_17_d_2_bn_1_PP_1_010	41	48.7804878049	37.7358490566	2
case_17_d_2_bn_1_PP_1_010	42	47.619047619	37.7358490566	2
case_17_d_2_bn_1_PP_1_010	43	46.511627907	37.7358490566	2
case_17_d_2_bn_1_PP_1_010	44	45.4545454545	37.7358490566	2
case_17_d_2_bn_1_PP_1_010	45	46.6666666667	39.6226415094	2
case_17_d_2_bn_1_PP_1_010	46	47.8260869565	41.5094339623	2
case_17_d_2_bn_1_PP_1_010	47	46.8085106383	41.5094339623	2
case_17_d_2_bn_1_PP_1_010	48	45.8333333333	41.5094339623	2
case_17_d_2_bn_1_PP_1_010	49	44.8979591837	41.5094339623	2
case_17_d_2_bn_1_PP_1_010	50	44.0	41.5094339623	2
case_17_d_2_bn_1_PP_1_010	51	45.0980392157	43.3962264151	2
case_17_d_2_bn_1_PP_1_010	52	44.2307692308	43.3962264151	2
case_17_d_2_bn_1_PP_1_010	53	43.3962264151	43.3962264151	2
case_7_d_1_bn_1_PP_1_000	53	0.0	0.0	1
case_7_d_2_bn_1_PP_1_000	1	100.0	1.88679245283	2
case_7_d_2_bn_1_PP_1_000	2	100.0	3.77358490566	2
case_7_d_2_bn_1_PP_1_000	3	100.0	5.66037735849	2
case_7_d_2_bn_1_PP_1_000	4	100.0	7.54716981132	2
case_7_d_2_bn_1_PP_1_000	5	100.0	9.43396226415	2
case_7_d_2_bn_1_PP_1_000	6	100.0	11.320754717	2
case_7_d_2_bn_1_PP_1_000	7	100.0	13.2075471698	2
case_7_d_2_bn_1_PP_1_000	8	100.0	15.0943396226	2
case_7_d_2_bn_1_PP_1_000	9	100.0	16.9811320755	2
case_7_d_2_bn_1_PP_1_000	10	100.0	18.8679245283	2
case_7_d_2_bn_1_PP_1_000	11	100.0	20.7547169811	2
case_7_d_2_bn_1_PP_1_000	12	100.0	22.641509434	2
case_7_d_2_bn_1_PP_1_000	13	100.0	24.5283018868	2
case_7_d_2_bn_1_PP_1_000	14	100.0	26.4150943396	2
case_7_d_2_bn_1_PP_1_000	15	100.0	28.3018867925	2
case_7_d_2_bn_1_PP_1_000	16	100.0	30.1886792453	2
case_7_d_2_bn_1_PP_1_000	17	100.0	32.0754716981	2
case_7_d_2_bn_1_PP_1_000	18	100.0	33.9622641509	2
case_7_d_2_bn_1_PP_1_000	19	100.0	35.8490566038	2
case_7_d_2_bn_1_PP_1_000	20	100.0	37.7358490566	2
case_7_d_2_bn_1_PP_1_000	21	100.0	39.6226415094	2
case_7_d_2_bn_1_PP_1_000	22	100.0	41.5094339623	2
case_7_d_2_bn_1_PP_1_000	23	100.0	43.3962264151	2
case_7_d_2_bn_1_PP_1_000	24	100.0	45.2830188679	2
case_7_d_2_bn_1_PP_1_000	25	100.0	47.1698113208	2
case_7_d_2_bn_1_PP_1_000	26	100.0	49.0566037736	2
case_7_d_2_bn_1_PP_1_000	27	100.0	50.9433962264	2
case_7_d_2_bn_1_PP_1_000	28	100.0	52.8301886792	2
case_7_d_2_bn_1_PP_1_000	29	100.0	54.7169811321	2
case_7_d_2_bn_1_PP_1_000	30	100.0	56.6037735849	2
case_7_d_2_bn_1_PP_1_000	31	100.0	58.4905660377	2
case_7_d_2_bn_1_PP_1_000	32	100.0	60.3773584906	2
case_7_d_2_bn_1_PP_1_000	33	100.0	62.2641509434	2
case_7_d_2_bn_1_PP_1_000	34	100.0	64.1509433962	2
case_7_d_2_bn_1_PP_1_000	35	100.0	66.0377358491	2
case_7_d_2_bn_1_PP_1_000	36	100.0	67.9245283019	2
case_7_d_2_bn_1_PP_1_000	37	100.0	69.8113207547	2
case_7_d_2_bn_1_PP_1_000	38	100.0	71.6981132075	2
case_7_d_2_bn_1_PP_1_000	39	100.0	73.5849056604	2
case_7_d_2_bn_1_PP_1_000	40	100.0	75.4716981132	2
case_7_d_2_bn_1_PP_1_000	41	100.0	77.358490566	2
case_7_d_2_bn_1_PP_1_000	42	100.0	79.2452830189	2
case_7_d_2_bn_1_PP_1_000	43	100.0	81.1320754717	2
case_7_d_2_bn_1_PP_1_000	44	100.0	83.0188679245	2
case_7_d_2_bn_1_PP_1_000	45	100.0	84.9056603774	2
case_7_d_2_bn_1_PP_1_000	46	100.0	86.7924528302	2
case_7_d_2_bn_1_PP_1_000	47	100.0	88.679245283	2
case_7_d_2_bn_1_PP_1_000	48	100.0	90.5660377358	2
case_7_d_2_bn_1_PP_1_000	49	100.0	92.4528301887	2
case_7_d_2_bn_1_PP_1_000	50	100.0	94.3396226415	2
case_7_d_2_bn_1_PP_1_000	51	100.0	96.2264150943	2
case_7_d_2_bn_1_PP_1_000	52	100.0	98.1132075472	2
case_7_d_2_bn_1_PP_1_000	53	98.1132075472	98.1132075472	2
case_9_d_1_bn_1_PP_1_000	1	100.0	1.88679245283	1
case_9_d_1_bn_1_PP_1_000	2	100.0	3.77358490566	1
case_9_d_1_bn_1_PP_1_000	3	100.0	5.66037735849	1
case_9_d_1_bn_1_PP_1_000	4	100.0	7.54716981132	1
case_9_d_1_bn_1_PP_1_000	5	100.0	9.43396226415	1
case_9_d_1_bn_1_PP_1_000	6	100.0	11.320754717	1
case_9_d_1_bn_1_PP_1_000	7	100.0	13.2075471698	1
case_9_d_1_bn_1_PP_1_000	8	87.5	13.2075471698	1
case_9_d_1_bn_1_PP_1_000	9	88.8888888889	15.0943396226	1
case_9_d_1_bn_1_PP_1_000	10	90.0	16.9811320755	1
case_9_d_1_bn_1_PP_1_000	11	90.9090909091	18.8679245283	1
case_9_d_1_bn_1_PP_1_000	12	91.6666666667	20.7547169811	1
case_9_d_1_bn_1_PP_1_000	13	92.3076923077	22.641509434	1
case_9_d_1_bn_1_PP_1_000	14	92.8571428571	24.5283018868	1
case_9_d_1_bn_1_PP_1_000	15	93.3333333333	26.4150943396	1
case_9_d_1_bn_1_PP_1_000	16	93.75	28.3018867925	1
case_9_d_1_bn_1_PP_1_000	17	94.1176470588	30.1886792453	1
case_9_d_1_bn_1_PP_1_000	18	94.4444444444	32.0754716981	1
case_9_d_1_bn_1_PP_1_000	19	94.7368421053	33.9622641509	1
case_9_d_1_bn_1_PP_1_000	20	95.0	35.8490566038	1
case_9_d_1_bn_1_PP_1_000	21	95.2380952381	37.7358490566	1
case_9_d_1_bn_1_PP_1_000	22	90.9090909091	37.7358490566	1
case_9_d_1_bn_1_PP_1_000	23	86.9565217391	37.7358490566	1
case_9_d_1_bn_1_PP_1_000	24	87.5	39.6226415094	1
case_9_d_1_bn_1_PP_1_000	25	88.0	41.5094339623	1
case_9_d_1_bn_1_PP_1_000	26	84.6153846154	41.5094339623	1
case_9_d_1_bn_1_PP_1_000	27	85.1851851852	43.3962264151	1
case_9_d_1_bn_1_PP_1_000	28	85.7142857143	45.2830188679	1
case_9_d_1_bn_1_PP_1_000	29	82.7586206897	45.2830188679	1
case_9_d_1_bn_1_PP_1_000	30	80.0	45.2830188679	1
case_9_d_1_bn_1_PP_1_000	31	77.4193548387	45.2830188679	1
case_9_d_1_bn_1_PP_1_000	32	78.125	47.1698113208	1
case_9_d_1_bn_1_PP_1_000	33	78.7878787879	49.0566037736	1
case_9_d_1_bn_1_PP_1_000	34	79.4117647059	50.9433962264	1
case_9_d_1_bn_1_PP_1_000	35	80.0	52.8301886792	1
case_9_d_1_bn_1_PP_1_000	36	77.7777777778	52.8301886792	1
case_9_d_1_bn_1_PP_1_000	37	75.6756756757	52.8301886792	1
case_9_d_1_bn_1_PP_1_000	38	73.6842105263	52.8301886792	1
case_9_d_1_bn_1_PP_1_000	39	74.358974359	54.7169811321	1
case_9_d_1_bn_1_PP_1_000	40	72.5	54.7169811321	1
case_9_d_1_bn_1_PP_1_000	41	73.1707317073	56.6037735849	1
case_9_d_1_bn_1_PP_1_000	42	73.8095238095	58.4905660377	1
case_9_d_1_bn_1_PP_1_000	43	72.0930232558	58.4905660377	1
case_9_d_1_bn_1_PP_1_000	44	70.4545454545	58.4905660377	1
case_9_d_1_bn_1_PP_1_000	45	71.1111111111	60.3773584906	1
case_9_d_1_bn_1_PP_1_000	46	69.5652173913	60.3773584906	1
case_9_d_1_bn_1_PP_1_000	47	68.085106383	60.3773584906	1
case_9_d_1_bn_1_PP_1_000	48	68.75	62.2641509434	1
case_9_d_1_bn_1_PP_1_000	49	69.387755102	64.1509433962	1
case_9_d_1_bn_1_PP_1_000	50	68.0	64.1509433962	1
case_9_d_1_bn_1_PP_1_000	51	66.6666666667	64.1509433962	1
case_9_d_1_bn_1_PP_1_000	52	65.3846153846	64.1509433962	1
case_9_d_1_bn_1_PP_1_000	53	66.0377358491	66.0377358491	1
case_9_d_2_bn_1_PP_1_000	1	100.0	1.88679245283	2
case_9_d_2_bn_1_PP_1_000	2	100.0	3.77358490566	2
case_9_d_2_bn_1_PP_1_000	3	100.0	5.66037735849	2
case_9_d_2_bn_1_PP_1_000	4	100.0	7.54716981132	2
case_9_d_2_bn_1_PP_1_000	5	100.0	9.43396226415	2
case_9_d_2_bn_1_PP_1_000	6	100.0	11.320754717	2
case_9_d_2_bn_1_PP_1_000	7	100.0	13.2075471698	2
case_9_d_2_bn_1_PP_1_000	8	100.0	15.0943396226	2
case_9_d_2_bn_1_PP_1_000	9	100.0	16.9811320755	2
case_9_d_2_bn_1_PP_1_000	10	100.0	18.8679245283	2
case_9_d_2_bn_1_PP_1_000	11	100.0	20.7547169811	2
case_9_d_2_bn_1_PP_1_000	12	100.0	22.641509434	2
case_9_d_2_bn_1_PP_1_000	13	100.0	24.5283018868	2
case_9_d_2_bn_1_PP_1_000	14	100.0	26.4150943396	2
case_9_d_2_bn_1_PP_1_000	15	100.0	28.3018867925	2
case_9_d_2_bn_1_PP_1_000	16	100.0	30.1886792453	2
case_9_d_2_bn_1_PP_1_000	17	100.0	32.0754716981	2
case_9_d_2_bn_1_PP_1_000	18	100.0	33.9622641509	2
case_9_d_2_bn_1_PP_1_000	19	100.0	35.8490566038	2
case_9_d_2_bn_1_PP_1_000	20	100.0	37.7358490566	2
case_9_d_2_bn_1_PP_1_000	21	100.0	39.6226415094	2
case_9_d_2_bn_1_PP_1_000	22	100.0	41.5094339623	2
case_9_d_2_bn_1_PP_1_000	23	100.0	43.3962264151	2
case_9_d_2_bn_1_PP_1_000	24	100.0	45.2830188679	2
case_9_d_2_bn_1_PP_1_000	25	100.0	47.1698113208	2
case_9_d_2_bn_1_PP_1_000	26	100.0	49.0566037736	2
case_9_d_2_bn_1_PP_1_000	27	100.0	50.9433962264	2
case_9_d_2_bn_1_PP_1_000	28	96.4285714286	50.9433962264	2
case_9_d_2_bn_1_PP_1_000	29	96.5517241379	52.8301886792	2
case_9_d_2_bn_1_PP_1_000	30	96.6666666667	54.7169811321	2
case_9_d_2_bn_1_PP_1_000	31	96.7741935484	56.6037735849	2
case_9_d_2_bn_1_PP_1_000	32	96.875	58.4905660377	2
case_9_d_2_bn_1_PP_1_000	33	96.9696969697	60.3773584906	2
case_9_d_2_bn_1_PP_1_000	34	94.1176470588	60.3773584906	2
case_9_d_2_bn_1_PP_1_000	35	91.4285714286	60.3773584906	2
case_9_d_2_bn_1_PP_1_000	36	88.8888888889	60.3773584906	2
case_9_d_2_bn_1_PP_1_000	37	86.4864864865	60.3773584906	2
case_9_d_2_bn_1_PP_1_000	38	84.2105263158	60.3773584906	2
case_9_d_2_bn_1_PP_1_000	39	84.6153846154	62.2641509434	2
case_9_d_2_bn_1_PP_1_000	40	85.0	64.1509433962	2
case_9_d_2_bn_1_PP_1_000	41	85.3658536585	66.0377358491	2
case_9_d_2_bn_1_PP_1_000	42	85.7142857143	67.9245283019	2
case_9_d_2_bn_1_PP_1_000	43	86.0465116279	69.8113207547	2
case_9_d_2_bn_1_PP_1_000	44	84.0909090909	69.8113207547	2
case_9_d_2_bn_1_PP_1_000	45	82.2222222222	69.8113207547	2
case_9_d_2_bn_1_PP_1_000	46	82.6086956522	71.6981132075	2
case_9_d_2_bn_1_PP_1_000	47	80.8510638298	71.6981132075	2
case_9_d_2_bn_1_PP_1_000	48	79.1666666667	71.6981132075	2
case_9_d_2_bn_1_PP_1_000	49	79.5918367347	73.5849056604	2
case_9_d_2_bn_1_PP_1_000	50	78.0	73.5849056604	2
case_9_d_2_bn_1_PP_1_000	51	78.431372549	75.4716981132	2
case_9_d_2_bn_1_PP_1_000	52	78.8461538462	77.358490566	2
case_9_d_2_bn_1_PP_1_000	53	79.2452830189	79.2452830189	2
