case_10_d_1_bn_1_PP_1_000	53	82.991983345	38.2698469206	1
case_10_d_2_bn_1_PP_1_000	53	66.3548200423	29.0850836597	2
case_11_d_1_bn_1_PP_1_000	53	76.7546104991	35.386258455	1
case_11_d_2_bn_1_PP_1_000	53	80.6882556973	37.2374510502	2
case_13_d_1_bn_1_PP_1_001	53	84.6754760205	39.1954432182	1
case_13_d_2_bn_1_PP_1_001	53	75.7684787886	34.5674617302	2
case_15_d_1_bn_1_PP_1_000	53	83.3573124554	38.9106443574	1
case_15_d_2_bn_1_PP_1_000	53	80.4733183404	36.3830544678	2
case_17_d_1_bn_1_PP_1_010	53	82.5869524909	38.1986472054	1
case_17_d_2_bn_1_PP_1_010	53	62.5799694553	27.3762904948	2
case_7_d_1_bn_1_PP_1_000	53	0.0	0.0	1
case_7_d_2_bn_1_PP_1_000	53	99.9644001424	50.9077963688	2
case_9_d_1_bn_1_PP_1_000	53	83.710294367	39.5870416518	1
case_9_d_2_bn_1_PP_1_000	53	93.494230418	45.5322178711	2
