case_10_d_1_bn_1_PP_1_000	1	0.0	0.0	1
case_10_d_1_bn_1_PP_1_000	2	0.0	0.0	1
case_10_d_1_bn_1_PP_1_000	3	0.0	0.0	1
case_10_d_1_bn_1_PP_1_000	4	0.0	0.0	1
case_10_d_1_bn_1_PP_1_000	5	0.0	0.0	1
case_10_d_1_bn_1_PP_1_000	6	0.0	0.0	1
case_10_d_1_bn_1_PP_1_000	7	0.0	0.0	1
case_10_d_1_bn_1_PP_1_000	8	0.0	0.0	1
case_10_d_1_bn_1_PP_1_000	9	0.0	0.0	1
case_10_d_1_bn_1_PP_1_000	10	0.0	0.0	1
case_10_d_1_bn_1_PP_1_000	11	0.0	0.0	1
case_10_d_1_bn_1_PP_1_000	12	0.0	0.0	1
case_10_d_1_bn_1_PP_1_000	13	0.0	0.0	1
case_10_d_1_bn_1_PP_1_000	14	0.0	0.0	1
case_10_d_2_bn_1_PP_1_000	1	100.0	7.14285714286	2
case_10_d_2_bn_1_PP_1_000	2	100.0	14.2857142857	2
case_10_d_2_bn_1_PP_1_000	3	66.6666666667	14.2857142857	2
case_10_d_2_bn_1_PP_1_000	4	75.0	21.4285714286	2
case_10_d_2_bn_1_PP_1_000	5	80.0	28.5714285714	2
case_10_d_2_bn_1_PP_1_000	6	66.6666666667	28.5714285714	2
case_10_d_2_bn_1_PP_1_000	7	71.4285714286	35.7142857143	2
case_10_d_2_bn_1_PP_1_000	8	75.0	42.8571428571	2
case_10_d_2_bn_1_PP_1_000	9	77.7777777778	50.0	2
case_10_d_2_bn_1_PP_1_000	10	80.0	57.1428571429	2
case_10_d_2_bn_1_PP_1_000	11	72.7272727273	57.1428571429	2
case_10_d_2_bn_1_PP_1_000	12	66.6666666667	57.1428571429	2
case_10_d_2_bn_1_PP_1_000	13	61.5384615385	57.1428571429	2
case_10_d_2_bn_1_PP_1_000	14	64.2857142857	64.2857142857	2
case_11_d_1_bn_1_PP_1_000	1	0.0	0.0	1
case_11_d_1_bn_1_PP_1_000	2	0.0	0.0	1
case_11_d_1_bn_1_PP_1_000	3	0.0	0.0	1
case_11_d_1_bn_1_PP_1_000	4	0.0	0.0	1
case_11_d_1_bn_1_PP_1_000	5	0.0	0.0	1
case_11_d_1_bn_1_PP_1_000	6	0.0	0.0	1
case_11_d_1_bn_1_PP_1_000	7	0.0	0.0	1
case_11_d_1_bn_1_PP_1_000	8	0.0	0.0	1
case_11_d_1_bn_1_PP_1_000	9	0.0	0.0	1
case_11_d_1_bn_1_PP_1_000	10	0.0	0.0	1
case_11_d_1_bn_1_PP_1_000	11	0.0	0.0	1
case_11_d_1_bn_1_PP_1_000	12	0.0	0.0	1
case_11_d_1_bn_1_PP_1_000	13	0.0	0.0	1
case_11_d_1_bn_1_PP_1_000	14	0.0	0.0	1
case_11_d_2_bn_1_PP_1_000	1	100.0	7.14285714286	2
case_11_d_2_bn_1_PP_1_000	2	100.0	14.2857142857	2
case_11_d_2_bn_1_PP_1_000	3	100.0	21.4285714286	2
case_11_d_2_bn_1_PP_1_000	4	100.0	28.5714285714	2
case_11_d_2_bn_1_PP_1_000	5	100.0	35.7142857143	2
case_11_d_2_bn_1_PP_1_000	6	83.3333333333	35.7142857143	2
case_11_d_2_bn_1_PP_1_000	7	71.4285714286	35.7142857143	2
case_11_d_2_bn_1_PP_1_000	8	75.0	42.8571428571	2
case_11_d_2_bn_1_PP_1_000	9	77.7777777778	50.0	2
case_11_d_2_bn_1_PP_1_000	10	80.0	57.1428571429	2
case_11_d_2_bn_1_PP_1_000	11	72.7272727273	57.1428571429	2
case_11_d_2_bn_1_PP_1_000	12	66.6666666667	57.1428571429	2
case_11_d_2_bn_1_PP_1_000	13	61.5384615385	57.1428571429	2
case_11_d_2_bn_1_PP_1_000	14	57.1428571429	57.1428571429	2
case_13_d_1_bn_1_PP_1_001	1	0.0	0.0	1
case_13_d_1_bn_1_PP_1_001	2	0.0	0.0	1
case_13_d_1_bn_1_PP_1_001	3	0.0	0.0	1
case_13_d_1_bn_1_PP_1_001	4	0.0	0.0	1
case_13_d_1_bn_1_PP_1_001	5	0.0	0.0	1
case_13_d_1_bn_1_PP_1_001	6	0.0	0.0	1
case_13_d_1_bn_1_PP_1_001	7	0.0	0.0	1
case_13_d_1_bn_1_PP_1_001	8	0.0	0.0	1
case_13_d_1_bn_1_PP_1_001	9	0.0	0.0	1
case_13_d_1_bn_1_PP_1_001	10	0.0	0.0	1
case_13_d_1_bn_1_PP_1_001	11	0.0	0.0	1
case_13_d_1_bn_1_PP_1_001	12	0.0	0.0	1
case_13_d_1_bn_1_PP_1_001	13	0.0	0.0	1
case_13_d_1_bn_1_PP_1_001	14	0.0	0.0	1
case_13_d_2_bn_1_PP_1_001	1	100.0	7.14285714286	2
case_13_d_2_bn_1_PP_1_001	2	100.0	14.2857142857	2
case_13_d_2_bn_1_PP_1_001	3	100.0	21.4285714286	2
case_13_d_2_bn_1_PP_1_001	4	100.0	28.5714285714	2
case_13_d_2_bn_1_PP_1_001	5	100.0	35.7142857143	2
case_13_d_2_bn_1_PP_1_001	6	100.0	42.8571428571	2
case_13_d_2_bn_1_PP_1_001	7	85.7142857143	42.8571428571	2
case_13_d_2_bn_1_PP_1_001	8	75.0	42.8571428571	2
case_13_d_2_bn_1_PP_1_001	9	77.7777777778	50.0	2
case_13_d_2_bn_1_PP_1_001	10	70.0	50.0	2
case_13_d_2_bn_1_PP_1_001	11	63.6363636364	50.0	2
case_13_d_2_bn_1_PP_1_001	12	58.3333333333	50.0	2
case_13_d_2_bn_1_PP_1_001	13	53.8461538462	50.0	2
case_13_d_2_bn_1_PP_1_001	14	50.0	50.0	2
case_15_d_1_bn_1_PP_1_000	1	0.0	0.0	1
case_15_d_1_bn_1_PP_1_000	2	0.0	0.0	1
case_15_d_1_bn_1_PP_1_000	3	0.0	0.0	1
case_15_d_1_bn_1_PP_1_000	4	0.0	0.0	1
case_15_d_1_bn_1_PP_1_000	5	0.0	0.0	1
case_15_d_1_bn_1_PP_1_000	6	0.0	0.0	1
case_15_d_1_bn_1_PP_1_000	7	0.0	0.0	1
case_15_d_1_bn_1_PP_1_000	8	0.0	0.0	1
case_15_d_1_bn_1_PP_1_000	9	0.0	0.0	1
case_15_d_1_bn_1_PP_1_000	10	0.0	0.0	1
case_15_d_1_bn_1_PP_1_000	11	0.0	0.0	1
case_15_d_1_bn_1_PP_1_000	12	0.0	0.0	1
case_15_d_1_bn_1_PP_1_000	13	0.0	0.0	1
case_15_d_1_bn_1_PP_1_000	14	0.0	0.0	1
case_15_d_2_bn_1_PP_1_000	1	100.0	7.14285714286	2
case_15_d_2_bn_1_PP_1_000	2	100.0	14.2857142857	2
case_15_d_2_bn_1_PP_1_000	3	100.0	21.4285714286	2
case_15_d_2_bn_1_PP_1_000	4	100.0	28.5714285714	2
case_15_d_2_bn_1_PP_1_000	5	80.0	28.5714285714	2
case_15_d_2_bn_1_PP_1_000	6	83.3333333333	35.7142857143	2
case_15_d_2_bn_1_PP_1_000	7	85.7142857143	42.8571428571	2
case_15_d_2_bn_1_PP_1_000	8	87.5	50.0	2
case_15_d_2_bn_1_PP_1_000	9	77.7777777778	50.0	2
case_15_d_2_bn_1_PP_1_000	10	70.0	50.0	2
case_15_d_2_bn_1_PP_1_000	11	63.6363636364	50.0	2
case_15_d_2_bn_1_PP_1_000	12	58.3333333333	50.0	2
case_15_d_2_bn_1_PP_1_000	13	61.5384615385	57.1428571429	2
case_15_d_2_bn_1_PP_1_000	14	57.1428571429	57.1428571429	2
case_17_d_1_bn_1_PP_1_010	1	0.0	0.0	1
case_17_d_1_bn_1_PP_1_010	2	0.0	0.0	1
case_17_d_1_bn_1_PP_1_010	3	0.0	0.0	1
case_17_d_1_bn_1_PP_1_010	4	0.0	0.0	1
case_17_d_1_bn_1_PP_1_010	5	0.0	0.0	1
case_17_d_1_bn_1_PP_1_010	6	0.0	0.0	1
case_17_d_1_bn_1_PP_1_010	7	0.0	0.0	1
case_17_d_1_bn_1_PP_1_010	8	0.0	0.0	1
case_17_d_1_bn_1_PP_1_010	9	0.0	0.0	1
case_17_d_1_bn_1_PP_1_010	10	0.0	0.0	1
case_17_d_1_bn_1_PP_1_010	11	0.0	0.0	1
case_17_d_1_bn_1_PP_1_010	12	0.0	0.0	1
case_17_d_1_bn_1_PP_1_010	13	0.0	0.0	1
case_17_d_1_bn_1_PP_1_010	14	0.0	0.0	1
case_17_d_2_bn_1_PP_1_010	1	0.0	0.0	2
case_17_d_2_bn_1_PP_1_010	2	50.0	7.14285714286	2
case_17_d_2_bn_1_PP_1_010	3	66.6666666667	14.2857142857	2
case_17_d_2_bn_1_PP_1_010	4	75.0	21.4285714286	2
case_17_d_2_bn_1_PP_1_010	5	80.0	28.5714285714	2
case_17_d_2_bn_1_PP_1_010	6	83.3333333333	35.7142857143	2
case_17_d_2_bn_1_PP_1_010	7	71.4285714286	35.7142857143	2
case_17_d_2_bn_1_PP_1_010	8	62.5	35.7142857143	2
case_17_d_2_bn_1_PP_1_010	9	55.5555555556	35.7142857143	2
case_17_d_2_bn_1_PP_1_010	10	50.0	35.7142857143	2
case_17_d_2_bn_1_PP_1_010	11	45.4545454545	35.7142857143	2
case_17_d_2_bn_1_PP_1_010	12	50.0	42.8571428571	2
case_17_d_2_bn_1_PP_1_010	13	53.8461538462	50.0	2
case_17_d_2_bn_1_PP_1_010	14	57.1428571429	57.1428571429	2
case_7_d_1_bn_1_PP_1_000	14	0.0	0.0	1
case_7_d_2_bn_1_PP_1_000	1	100.0	7.14285714286	2
case_7_d_2_bn_1_PP_1_000	2	100.0	14.2857142857	2
case_7_d_2_bn_1_PP_1_000	3	100.0	21.4285714286	2
case_7_d_2_bn_1_PP_1_000	4	100.0	28.5714285714	2
case_7_d_2_bn_1_PP_1_000	5	100.0	35.7142857143	2
case_7_d_2_bn_1_PP_1_000	6	100.0	42.8571428571	2
case_7_d_2_bn_1_PP_1_000	7	100.0	50.0	2
case_7_d_2_bn_1_PP_1_000	8	100.0	57.1428571429	2
case_7_d_2_bn_1_PP_1_000	9	100.0	64.2857142857	2
case_7_d_2_bn_1_PP_1_000	10	100.0	71.4285714286	2
case_7_d_2_bn_1_PP_1_000	11	100.0	78.5714285714	2
case_7_d_2_bn_1_PP_1_000	12	100.0	85.7142857143	2
case_7_d_2_bn_1_PP_1_000	13	100.0	92.8571428571	2
case_7_d_2_bn_1_PP_1_000	14	100.0	100.0	2
case_9_d_1_bn_1_PP_1_000	1	0.0	0.0	1
case_9_d_1_bn_1_PP_1_000	2	0.0	0.0	1
case_9_d_1_bn_1_PP_1_000	3	0.0	0.0	1
case_9_d_1_bn_1_PP_1_000	4	0.0	0.0	1
case_9_d_1_bn_1_PP_1_000	5	0.0	0.0	1
case_9_d_1_bn_1_PP_1_000	6	0.0	0.0	1
case_9_d_1_bn_1_PP_1_000	7	0.0	0.0	1
case_9_d_1_bn_1_PP_1_000	8	0.0	0.0	1
case_9_d_1_bn_1_PP_1_000	9	0.0	0.0	1
case_9_d_1_bn_1_PP_1_000	10	0.0	0.0	1
case_9_d_1_bn_1_PP_1_000	11	0.0	0.0	1
case_9_d_1_bn_1_PP_1_000	12	0.0	0.0	1
case_9_d_1_bn_1_PP_1_000	13	0.0	0.0	1
case_9_d_1_bn_1_PP_1_000	14	0.0	0.0	1
case_9_d_2_bn_1_PP_1_000	1	100.0	7.14285714286	2
case_9_d_2_bn_1_PP_1_000	2	100.0	14.2857142857	2
case_9_d_2_bn_1_PP_1_000	3	100.0	21.4285714286	2
case_9_d_2_bn_1_PP_1_000	4	75.0	21.4285714286	2
case_9_d_2_bn_1_PP_1_000	5	80.0	28.5714285714	2
case_9_d_2_bn_1_PP_1_000	6	83.3333333333	35.7142857143	2
case_9_d_2_bn_1_PP_1_000	7	85.7142857143	42.8571428571	2
case_9_d_2_bn_1_PP_1_000	8	87.5	50.0	2
case_9_d_2_bn_1_PP_1_000	9	88.8888888889	57.1428571429	2
case_9_d_2_bn_1_PP_1_000	10	90.0	64.2857142857	2
case_9_d_2_bn_1_PP_1_000	11	90.9090909091	71.4285714286	2
case_9_d_2_bn_1_PP_1_000	12	83.3333333333	71.4285714286	2
case_9_d_2_bn_1_PP_1_000	13	84.6153846154	78.5714285714	2
case_9_d_2_bn_1_PP_1_000	14	85.7142857143	85.7142857143	2
