case_10_d_1_bn_1_PP_1_000	11	29.1889675981	10.7438016529	1
case_10_d_2_bn_1_PP_1_000	11	34.1492850584	14.0495867769	2
case_10_d_3_bn_1_PP_1_000	11	22.2445231536	11.5702479339	3
case_11_d_1_bn_1_PP_1_000	11	23.5432244523	12.3966942149	1
case_11_d_2_bn_1_PP_1_000	11	13.8170667716	7.43801652893	2
case_11_d_3_bn_1_PP_1_000	11	12.3960383051	9.09090909091	3
case_13_d_1_bn_1_PP_1_001	11	21.1081595173	10.7438016529	1
case_13_d_2_bn_1_PP_1_001	11	41.2704971796	16.5289256198	2
case_13_d_3_bn_1_PP_1_001	11	23.2585596222	14.8760330579	3
case_15_d_1_bn_1_PP_1_000	11	13.8170667716	7.43801652893	1
case_15_d_2_bn_1_PP_1_000	11	13.8170667716	7.43801652893	2
case_15_d_3_bn_1_PP_1_000	11	13.8170667716	7.43801652893	3
case_17_d_1_bn_1_PP_1_010	11	32.6341335432	13.2231404959	1
case_17_d_2_bn_1_PP_1_010	11	27.453430408	9.09090909091	2
case_17_d_3_bn_1_PP_1_010	11	18.3625213171	8.26446280992	3
case_7_d_1_bn_1_PP_1_000	11	10.5778564869	8.26446280992	1
case_7_d_2_bn_1_PP_1_000	11	43.4208972845	19.8347107438	2
case_7_d_3_bn_1_PP_1_000	11	82.2281254099	41.3223140496	3
case_8_d_1_bn_1_PP_1_000	11	32.1618785255	13.2231404959	1
case_8_d_2_bn_1_PP_1_000	11	66.852289125	31.4049586777	2
case_8_d_3_bn_1_PP_1_000	11	48.5615899252	19.8347107438	3
case_9_d_1_bn_1_PP_1_000	11	32.0572609209	18.1818181818	1
case_9_d_2_bn_1_PP_1_000	11	72.6390528663	35.5371900826	2
case_9_d_3_bn_1_PP_1_000	11	19.0918929555	14.0495867769	3
