case_10_d_1_bn_1_PP_1_000	21	80.8803385584	40.1360544218	1
case_10_d_2_bn_1_PP_1_000	21	69.5914290552	37.641723356	2
case_10_d_3_bn_1_PP_1_000	21	73.0923216422	39.4557823129	3
case_11_d_1_bn_1_PP_1_000	21	72.3429235924	38.5487528345	1
case_11_d_2_bn_1_PP_1_000	21	85.6670952436	42.1768707483	2
case_11_d_3_bn_1_PP_1_000	21	84.7897756821	42.8571428571	3
case_13_d_1_bn_1_PP_1_001	21	79.2212304707	39.9092970522	1
case_13_d_2_bn_1_PP_1_001	21	76.5075288284	38.5487528345	2
case_13_d_3_bn_1_PP_1_001	21	87.5527270165	43.3106575964	3
case_15_d_1_bn_1_PP_1_000	21	63.7658260867	37.4149659864	1
case_15_d_2_bn_1_PP_1_000	21	79.6392445049	42.1768707483	2
case_15_d_3_bn_1_PP_1_000	21	64.0900540685	39.0022675737	3
case_17_d_1_bn_1_PP_1_010	21	73.80911613	38.0952380952	1
case_17_d_2_bn_1_PP_1_010	21	63.7840292744	36.5079365079	2
case_17_d_3_bn_1_PP_1_010	21	81.2033097294	41.2698412698	3
case_7_d_1_bn_1_PP_1_000	21	79.6711406314	38.7755102041	1
case_7_d_2_bn_1_PP_1_000	21	57.1657181255	26.0770975057	2
case_7_d_3_bn_1_PP_1_000	21	49.9976023411	22.9024943311	3
case_8_d_1_bn_1_PP_1_000	21	84.772887808	42.1768707483	1
case_8_d_2_bn_1_PP_1_000	21	61.8240151948	29.7052154195	2
case_8_d_3_bn_1_PP_1_000	21	38.5978620786	20.8616780045	3
case_9_d_1_bn_1_PP_1_000	21	70.1245633615	35.1473922902	1
case_9_d_2_bn_1_PP_1_000	21	46.2494628572	17.4603174603	2
case_9_d_3_bn_1_PP_1_000	21	65.5142185488	30.8390022676	3
