case_10_d_1_bn_1_PP_1_000	9	90.4805996473	48.1481481481	1
case_10_d_2_bn_1_PP_1_000	9	98.7654320988	54.3209876543	2
case_10_d_3_bn_1_PP_1_000	9	91.7151675485	49.3827160494	3
case_11_d_1_bn_1_PP_1_000	9	98.7654320988	54.3209876543	1
case_11_d_2_bn_1_PP_1_000	9	100.0	55.5555555556	2
case_11_d_3_bn_1_PP_1_000	9	98.7654320988	54.3209876543	3
case_13_d_1_bn_1_PP_1_001	9	93.1657848325	49.3827160494	1
case_13_d_2_bn_1_PP_1_001	9	90.0793650794	46.9135802469	2
case_13_d_3_bn_1_PP_1_001	9	91.3139329806	48.1481481481	3
case_15_d_1_bn_1_PP_1_000	9	87.5044091711	45.6790123457	1
case_15_d_2_bn_1_PP_1_000	9	93.9373897707	50.6172839506	2
case_15_d_3_bn_1_PP_1_000	9	89.7266313933	46.9135802469	3
case_17_d_1_bn_1_PP_1_010	9	93.1657848325	49.3827160494	1
case_17_d_2_bn_1_PP_1_010	9	100.0	55.5555555556	2
case_17_d_3_bn_1_PP_1_010	9	91.3139329806	48.1481481481	3
case_7_d_1_bn_1_PP_1_000	9	66.102292769	32.0987654321	1
case_7_d_2_bn_1_PP_1_000	9	57.8174603175	25.9259259259	2
case_7_d_3_bn_1_PP_1_000	9	26.3844797178	14.8148148148	3
case_8_d_1_bn_1_PP_1_000	9	87.5044091711	45.6790123457	1
case_8_d_2_bn_1_PP_1_000	9	53.6463844797	33.3333333333	2
case_8_d_3_bn_1_PP_1_000	9	8.2848324515	6.17283950617	3
case_9_d_1_bn_1_PP_1_000	9	88.4920634921	45.6790123457	1
case_9_d_2_bn_1_PP_1_000	9	81.7945326279	40.7407407407	2
case_9_d_3_bn_1_PP_1_000	9	56.2257495591	29.6296296296	3
